"ID1" "ID2" "ID3" "ID4" "ID5" "ID6" "ID7" "ID8" "ID9" "ID10" "ID11" "ID12" "ID13" "ID14" "ID15" "ID16" "ID17" "ID18"
"FAM122B" 5.325653 5.039814 5.099828 5.053185 5.213816 5.122043 5.35637 5.421981 5.285873 5.16995 5.271856 5.171128 5.157088 5.371011 5.145895 5.256983 5.235511 5.115653
"DEFB108B" 2.038747 1.965599 1.925807 1.977435 2.079381 1.953741 2.012782 2.00401 1.910149 1.957814 1.967858 2.015156 2.000106 2.158305 1.794761 1.870395 2.11497 1.985936
"CCSER2" 4.973347 4.865783 4.81891 5.024392 4.697314 5.074445 5.053836 5.095325 5.131458 5.137715 5.121298 4.965473 5.068119 5.137078 5.227699 5.045973 5.072696 5.086878
"GPD2" 5.453287 5.595471 5.223886 5.130226 5.370672 5.432795 5.06264 5.381388 5.181309 5.249694 5.449582 5.193505 5.202826 4.972469 4.993049 5.236328 4.900708 4.710156
"HECW1" 4.350837 4.279759 4.218375 4.472152 4.408025 4.120094 4.425734 4.196226 4.263098 4.241749 4.418752 4.337182 4.313885 4.340354 4.301818 4.451597 4.428732 4.46171
"GPM6A" 10.85015 10.800147 10.834759 10.780729 10.797953 10.787333 10.768188 10.811626 10.772845 10.761832 10.774383 10.799666 10.706012 10.724211 10.636788 10.677231 10.61062 10.581691
"TSPO" 3.386484 3.478054 4.110894 3.419844 4.388046 3.460394 3.311994 3.564098 3.40892 3.614002 3.476459 3.364847 3.493488 3.619961 3.5422 3.230852 3.833214 3.346396
"NME9" 1.988771 1.981122 1.962495 1.785726 1.999156 2.034974 2.022867 2.08762 1.982046 2.060459 1.881696 1.978786 1.916417 2.056098 1.738523 1.919443 1.926464 1.993071
"TNFRSF11B" 1.708183 1.6843 1.961144 1.867694 1.885102 1.987899 1.843692 1.916986 1.92789 1.718615 1.76353 1.837809 1.993934 1.751161 1.937266 2.01362 1.854405 1.787904
"AMPD3" 3.717621 3.668839 3.887144 3.664222 3.880034 4.276901 4.129165 4.625209 4.663804 4.799962 4.858335 4.878073 4.544428 4.469305 4.946647 4.731756 5.019416 4.994887
"BDH1" 5.337902 5.305181 5.472151 5.66648 5.604611 5.541258 5.376998 5.684995 5.386319 5.441435 5.5184 5.174813 5.387103 5.485244 5.229119 5.316031 5.421664 5.705585
"UQCRC1" 8.081889 7.899825 7.74983 8.243738 7.456177 8.17259 8.142934 8.252924 8.343268 8.24208 8.363796 7.969397 8.532139 8.382173 8.331773 8.129621 8.346354 8.534247
"ENOSF1" 2.832693 2.912242 2.686916 2.790267 2.972176 2.817394 2.746213 2.981544 3.042291 2.895295 3.060059 3.024614 2.987451 2.909732 3.340227 3.145697 3.249394 3.326308
"OR51E1" 2.099537 2.175496 2.330726 2.015706 2.696447 1.938695 1.986992 2.185206 2.028097 2.00674 2.21946 2.313066 1.999914 2.104835 2.047027 2.147722 2.304885 2.053699
"LOC100133920" 1.699778 1.865099 1.761964 1.71407 1.799426 1.915697 1.846624 1.730405 1.868793 1.916987 1.741187 1.782581 1.777959 1.938079 1.780287 1.794873 1.700015 1.945174
"GLYCTK" 2.990337 2.792847 2.607438 2.835653 2.856284 2.683878 2.835518 2.676749 2.64469 3.152454 2.48685 2.688195 2.86425 2.945097 2.636234 2.582348 2.917841 2.867817
"NPDC1" 7.395495 7.459866 7.681054 7.603692 7.548866 7.256716 7.242613 7.296327 7.426057 7.588118 7.474365 7.249486 7.586411 7.358578 7.465457 7.162515 7.528724 7.506384
"GJB2" 2.182004 2.166356 2.197263 2.009837 2.730721 2.172232 1.952863 1.896216 2.662653 2.142182 2.703378 1.738612 4.931143 2.076548 2.362978 2.173239 1.970142 2.171787
"EDA" 2.185539 2.094142 2.194838 2.121642 2.361793 2.073148 2.057385 2.021601 2.007538 1.969686 1.90966 2.0134 2.043719 2.088372 2.066999 2.012326 1.997391 2.066931
"PIK3CD" 4.045715 3.687885 4.183777 4.007563 4.016825 3.768963 4.140063 3.834121 4.009313 3.971698 3.960105 4.162634 3.97923 4.422034 3.988865 3.865594 4.442058 3.89416
"UBE2D2" 6.607382 6.774943 6.388171 6.854404 6.632506 6.81183 6.81258 6.842329 7.059276 7.06471 7.018059 6.773988 6.996092 6.895694 6.909792 6.738732 6.901369 6.927342
"ARMC12" 2.409283 2.710329 2.684956 2.829818 2.598009 2.572558 2.640199 2.528912 2.580194 2.746896 2.64052 2.562161 2.592528 2.566492 2.7882 2.648317 2.71392 2.476462
"CNTNAP4" 3.242054 3.425155 2.901581 3.020684 3.145319 3.299199 3.628521 3.186082 3.630361 3.483164 3.505128 3.615266 3.307476 3.241706 3.475945 3.244656 3.431528 3.574064
"FAM162A" 6.571985 6.044906 6.140948 6.318609 5.867076 6.640225 6.828658 6.754835 6.712729 6.81838 6.890425 6.530221 6.776416 7.095378 6.939932 7.116298 7.042022 6.946536
"LOC100996298" 2.178928 2.196272 2.231569 2.315605 2.40924 2.4122 2.352325 2.484233 2.31956 2.253483 2.140353 2.405127 2.236942 2.093194 2.359049 2.208736 2.191467 2.268833
"LDLR" 3.169358 3.39345 3.573118 3.494137 3.21849 5.351813 3.327333 3.779299 3.631233 3.286133 3.367259 3.297544 3.476297 3.492446 3.412889 4.125992 3.300193 3.055649
"LOXL4" 2.713353 2.3534 2.610114 2.914093 2.89893 2.89104 2.858326 2.770826 2.831816 3.001589 2.77659 2.740365 2.981201 3.159143 2.666419 2.773012 3.409339 2.863913
"CASKIN2" 3.403192 3.475234 3.858311 3.684215 3.559069 3.353714 3.549806 3.789094 3.587477 3.456886 3.5797 3.523776 3.588509 3.563251 3.683585 3.475616 3.755598 3.416008
"MUC1" 2.324371 2.339113 2.294796 2.362098 2.242786 2.294035 2.353356 2.264894 2.346054 2.34147 2.370888 2.465488 2.420914 2.494861 2.384701 2.330258 2.453966 2.278474
"C20orf166.AS1" 2.902979 2.842894 2.837116 2.906552 2.920638 2.786542 2.968709 2.830434 2.881396 2.961687 2.942326 3.088582 3.102465 3.07186 3.014294 2.931102 2.904224 3.002611
"ISLR2" 3.813912 4.799858 4.461358 4.530582 4.398686 3.467973 3.249902 3.061518 4.60931 3.800334 4.407914 3.82517 4.33779 3.224523 3.782766 2.795893 2.842109 2.904127
"OR6B1" 2.181884 1.898436 1.980602 1.972832 2.034128 2.061038 1.87996 2.076417 1.891682 1.979377 1.879471 1.950716 1.919501 2.091153 1.887353 2.053965 2.020038 1.878347
"BBS4" 4.493872 4.677079 4.164658 4.967417 4.909054 4.974326 4.358066 4.785946 4.814669 4.803376 4.66405 4.872715 4.524653 4.735769 4.372949 4.789172 4.728008 4.343025
"HNRNPA0" 6.497491 6.652046 6.101494 6.549322 6.4727 6.417337 6.54879 6.541429 6.952422 6.610668 6.856042 6.820982 6.767546 6.816202 6.637332 6.227857 6.584904 6.930445
"VSIG1" 1.986679 2.150452 1.813213 2.17186 2.175924 1.918231 2.055397 1.831705 1.924698 1.988152 2.102978 1.940233 1.849948 1.913733 1.860873 1.883686 1.953178 1.788799
"BSDC1" 4.857802 4.85863 4.91916 4.71807 4.881966 5.005087 4.659305 4.744105 4.607393 4.771715 4.731269 4.747239 4.792506 4.581331 4.823208 4.833938 4.63977 4.935839
"LOC441601" 2.529235 2.54242 2.564952 2.534725 2.578343 2.436409 2.763783 2.541643 2.752498 2.671268 2.719702 2.493707 2.523289 3.002396 2.665959 2.618822 2.603126 2.789192
"KIAA0196" 4.569948 4.731948 5.150687 5.116572 4.608846 5.183579 5.070895 5.261231 5.387383 5.411316 5.606581 5.316299 5.557836 5.347227 5.55856 5.081421 5.210177 5.444157
"N6AMT2" 4.617843 4.641545 4.181707 4.513769 4.688597 4.303315 4.445697 4.874422 4.736662 4.652616 4.894243 4.784461 4.685194 4.741215 4.627089 4.580104 4.811637 4.43358
"CXorf24" 2.126615 3.061758 2.995623 2.806682 2.532626 2.796868 2.594488 2.851677 2.545477 2.778164 2.874353 2.904995 2.293272 2.433875 2.355738 2.270374 2.685936 2.632139
"LOC400043" 2.210259 2.237465 2.000015 2.158529 2.082853 2.398574 2.399186 2.293751 2.298613 2.275074 2.507241 2.347716 2.441644 2.470547 2.331845 2.202924 2.624568 2.3168
"SNRNP48" 2.922266 3.009823 3.506668 3.225643 3.137704 3.586632 2.948942 2.887928 2.667242 2.945697 2.903224 2.744373 2.716253 2.837215 2.667464 2.847895 2.793949 3.005993
"SPATA13" 4.538496 4.608577 4.670688 4.271461 4.504536 4.316519 4.468071 4.649554 4.712707 4.726651 4.097265 4.67328 4.306305 4.130383 4.571689 4.652772 4.393306 4.36197
"MPST" 4.634594 4.528253 4.998778 4.253764 4.90595 4.400759 4.389139 4.657975 4.357933 4.430738 4.533103 4.406297 4.461938 4.706532 4.415065 4.644371 4.386048 4.404674
"MGC40069" 1.883509 2.152936 2.05407 1.805473 1.962875 1.784485 1.840753 2.088745 1.838242 1.887879 1.953026 1.883509 1.770945 1.837365 1.796148 1.776186 1.907312 1.822621
"EXOC8" 6.029315 6.416484 6.199968 6.400423 6.369878 5.819311 6.175339 6.181087 6.533915 5.937708 6.366077 6.194835 5.607347 6.094375 6.028115 5.873558 5.873615 6.370285
"TLR10" 2.098747 2.477995 2.200872 2.251008 2.2706 2.247296 2.184337 2.334319 2.285044 2.379864 2.339092 2.234615 2.327423 2.267397 2.397698 2.232743 2.571808 2.266942
"SLC25A51" 3.073153 2.816681 3.232347 2.983199 2.760555 3.088273 2.930395 2.934565 2.888921 2.927002 3.060735 2.98108 3.113077 3.134879 3.058665 2.966996 3.069347 2.967478
"FAM120B" 4.68302 4.766656 5.06246 4.639291 4.766703 4.540786 4.242233 4.449481 4.706718 4.405612 4.464847 4.645602 4.794966 4.357185 4.464824 4.486661 4.479258 4.770495
"CYFIP1" 7.790155 7.699401 7.533225 7.685094 7.392019 7.327535 7.383813 7.602509 7.725562 7.784848 7.478258 7.594577 7.315416 7.215403 7.286491 7.040726 7.728679 7.438709
"RPS10" 8.586915 8.808054 8.496717 8.430295 8.758366 8.372131 8.528899 8.695443 8.513948 8.721494 8.541381 8.611657 8.558406 8.490185 8.541747 8.584987 8.750218 8.478207
"APOPT1" 4.996375 5.462784 5.131643 5.129446 5.536242 5.595721 5.094332 5.193451 4.797964 5.050077 4.840306 4.982566 4.922139 4.896164 5.023588 5.114662 4.886687 5.055972
"MFSD10" 4.814408 5.465793 5.69218 5.302142 5.710975 5.124833 4.613101 5.006977 4.910709 5.301902 4.96994 4.906763 5.113197 4.47527 4.973289 4.361508 4.771242 4.615288
"RIPPLY2" 4.61325 4.003679 4.160939 4.64946 4.365364 4.21892 4.423174 4.541713 4.763563 5.027392 4.543843 4.67328 5.058397 4.607105 4.555617 4.81406 4.880217 5.006057
"TANK" 4.308272 4.549432 4.594285 4.178308 4.67648 4.634365 4.307541 4.467962 4.374984 4.337434 4.413621 4.883321 4.403727 4.223077 4.466438 4.407542 4.396353 4.470651
"MGC27345" 4.820959 4.208389 4.534453 4.713248 4.943999 4.470465 4.662028 4.680406 4.320808 4.25352 4.590279 4.601638 4.384478 4.278566 4.403478 4.302661 4.310351 4.576926
"URB1" 3.315552 2.645839 3.517957 3.328299 3.147769 3.248094 3.535505 3.54502 3.133701 3.165745 3.367097 3.400561 3.301819 3.388578 3.245359 3.279128 3.132524 3.110352
"LOC692247" 2.104676 3.133198 2.792002 2.4592 3.237692 2.342131 2.481772 2.3168 2.261873 2.351009 2.518478 2.622965 2.676907 2.516236 2.430608 2.100893 2.339224 2.234244
"GLS" 4.437331 4.522317 4.034329 4.285098 4.119426 4.613965 4.422867 4.398848 4.599418 4.624633 4.754352 4.642231 4.571411 4.564234 4.693328 4.544457 4.710343 4.892627
"MMRN2" 2.503719 2.300229 2.464005 2.418061 2.414518 2.335843 2.231672 2.381863 2.547119 2.410877 2.581551 2.385413 2.510328 2.7408 2.430504 2.694962 2.596168 2.539391
"LOC728537" 2.603126 2.543484 2.708413 2.668197 2.571459 2.446066 2.484882 2.533849 2.780105 2.596033 2.61397 2.566152 2.990905 2.327097 2.705953 2.337155 2.422226 2.526213
"MT1M" 4.642055 3.761298 5.128935 4.660053 4.799962 4.967033 4.751282 5.296537 3.945333 3.645328 3.972878 4.199637 2.889547 4.758128 3.151872 5.634182 5.119656 3.373306
"ATAD2B" 2.61612 3.100813 2.994668 2.829973 2.961894 3.274525 2.735573 2.566571 2.675446 2.509052 2.682692 2.461893 2.574082 2.436369 2.397353 2.435632 2.325703 2.487625
"SAMD14" 3.794649 3.768163 3.814348 3.713854 3.863568 3.382217 3.619528 3.46407 3.469673 3.514045 3.58614 3.324233 3.448918 3.562392 3.432664 3.521199 3.664563 3.4445
"MAP1A" 4.984584 4.760864 4.973442 5.33877 4.750028 5.114075 4.998221 5.016159 4.990946 5.300315 5.251033 4.819477 5.280223 5.125082 5.207742 5.380895 5.359838 5.226317
"MOGAT3" 1.953993 1.94112 1.928858 2.089247 2.215688 1.942744 1.803139 2.011989 2.04832 2.087822 2.02837 2.166134 2.038935 1.978428 1.80031 2.08241 1.847796 1.959345
"LOC100506229" 1.941227 1.892985 1.791514 1.935482 1.772351 1.776865 1.89987 1.992809 1.798856 1.876223 2.034033 1.966472 2.129255 1.853208 1.931027 1.684275 1.953604 1.809654
"MS4A1" 1.987217 1.727824 1.865325 1.975778 1.847153 1.6943 1.74066 1.785503 1.779269 1.754547 1.753823 1.94067 1.935448 1.85198 1.985366 2.080781 1.830997 1.920975
"KXD1" 3.451885 3.417712 3.429749 3.56786 3.513028 3.285957 3.570716 3.49569 3.466321 3.516715 3.440165 3.339094 3.557026 3.338457 3.488282 3.544226 3.552978 3.471113
"VMP1" 2.713954 2.561073 2.607817 2.32541 2.281701 2.387069 2.290491 2.460534 2.469232 2.450909 2.642547 2.56372 2.788679 2.417115 2.275095 2.872069 2.315209 2.352523
"PCIF1" 3.513719 3.273383 3.27996 3.354671 3.264689 3.275817 3.390375 3.306771 3.525573 3.449766 3.429112 3.589442 3.427136 3.518453 3.391424 3.548792 3.520544 3.388138
"MKKS" 5.950858 5.569286 5.278967 6.017822 5.89216 6.064602 6.096086 5.905771 6.567126 6.408569 6.441708 6.632903 6.245242 6.423535 6.52803 6.451042 6.434073 6.281422
"ANKRD12" 6.509539 6.329281 6.105942 6.38716 6.839596 6.208884 6.291227 6.185984 6.081124 6.091999 6.319589 6.285342 5.62675 5.855513 6.003799 6.344725 5.764884 6.05911
"C19orf70" 6.610949 6.560433 6.140744 6.738894 6.369338 6.608824 6.614096 6.751475 6.976231 6.96011 6.858797 6.532948 6.981526 6.877162 6.996922 6.849288 7.083805 6.892755
"TPRN" 3.66971 4.112428 4.228584 4.105134 4.038862 3.612923 4.009924 4.257168 3.938539 4.215036 4.126156 4.010634 3.88102 3.974826 4.188123 4.037748 4.097909 3.995193
"RPS6KA6" 3.16825 3.525856 3.427439 3.084381 3.487978 3.145134 3.463795 3.247653 3.326717 3.232918 3.333784 3.194565 2.907084 3.113249 3.210609 3.109602 3.033895 3.243784
"PARG" 5.288362 5.185579 4.910188 5.226838 4.828359 5.364725 5.36712 5.23847 5.398521 5.5589 5.417465 5.183546 5.42752 5.396314 5.470873 5.262262 5.379479 5.626616
"GRM2" 3.959866 3.929601 4.127703 3.961022 4.068619 4.006056 4.173314 3.997202 4.187515 4.402986 4.311307 3.853201 4.602294 4.353382 4.951241 4.403998 4.01055 4.718099
"GCK" 3.772494 3.100898 3.384215 2.89343 3.996596 2.839096 3.020742 3.952638 3.314366 3.01252 3.132279 3.457627 2.864484 3.10179 2.902796 2.90325 3.339586 2.432028
"ANKRD16" 3.743281 3.338253 2.903862 3.375855 3.567275 3.522747 3.334336 3.866577 3.097583 3.650288 3.977678 3.595233 3.260448 3.659825 3.572762 3.666815 3.385468 3.671657
"STXBP2" 2.700345 2.768877 3.014729 2.840241 3.00756 2.743103 2.765088 3.151844 2.864484 3.168438 2.919909 2.870316 3.470115 2.653659 3.176151 2.91202 3.104284 3.202252
"SLC30A3" 6.482384 6.375538 6.498186 6.822601 6.234002 6.176052 6.721954 6.864653 6.743617 6.861085 6.747088 6.304959 6.635285 6.685708 6.624026 5.995983 6.363688 6.424904
"TRMT11" 5.244382 5.052355 4.688989 4.634284 5.027514 5.267239 5.13408 5.150734 5.316443 5.16511 5.258853 5.335581 4.930764 5.400512 5.368328 5.64774 5.443237 5.87014
"CCDC80" 2.899589 2.842236 3.23234 2.832459 2.743331 2.834377 2.821006 3.042513 2.625679 2.55822 2.591503 2.681394 2.84587 2.703219 2.522324 2.729572 2.562102 2.674624
"DAGLB" 3.630209 3.659545 3.500136 3.598682 3.689817 3.907827 3.810273 3.916437 3.920739 4.063384 3.951553 3.919785 3.7301 3.661216 3.801594 3.857024 3.833919 4.371584
"ARL8A" 6.598318 6.691469 6.854584 6.681905 6.671432 6.299987 6.598201 6.47772 6.476366 6.534805 6.460263 6.308614 6.593071 6.316833 6.590869 6.129312 6.419345 6.121464
"G6PC2" 2.617188 2.29628 2.583225 2.695178 2.802889 2.479235 2.654076 2.522968 2.317079 2.390967 2.494902 2.32331 2.562872 2.716439 2.591577 2.886116 2.545065 2.665887
"SESN3" 3.398104 3.436862 3.192666 3.230831 3.299274 3.794147 3.795244 3.28935 3.548825 3.238178 3.32448 3.492505 3.366856 3.616585 3.329423 3.585206 3.579052 3.602097
"HBQ1" 3.108169 3.971519 3.793638 3.966459 4.487586 3.477252 3.711214 3.772345 3.928176 3.703841 3.552544 3.414727 3.921741 3.950151 3.578992 3.791124 3.731819 3.203325
"CEP44" 2.81967 2.942866 2.762294 2.828342 2.938292 2.601821 2.770103 2.541528 2.707504 2.594865 2.590381 2.973968 2.609214 2.695813 2.743942 2.686561 2.817968 2.862054
"GABRR2" 3.200872 2.970627 3.043181 3.018615 2.880536 2.916198 2.840777 3.196334 3.316769 3.021669 2.973584 3.34149 3.292745 3.11219 2.958621 3.115075 3.178686 2.912171
"ACAA2" 4.941251 4.489619 4.712529 4.404112 4.4566 4.559605 4.642714 5.025847 4.646376 4.048934 4.057284 4.228058 4.279783 4.812685 4.257133 4.595094 4.690467 3.993096
"IGSF10" 3.741392 3.422365 3.331509 3.2844 3.823658 3.783989 3.996095 3.992036 3.641027 3.895395 3.854088 3.923268 4.040015 3.550124 3.764909 3.89743 3.74621 3.782898
"LMTK2" 3.829664 3.814154 3.737494 3.714581 3.693969 3.900096 4.056841 3.816854 3.985461 3.95396 4.145359 3.970452 3.960064 3.806723 3.93727 3.775749 3.605252 4.219342
"OCIAD2" 6.056872 6.374008 5.750584 6.229414 6.432728 6.174211 5.484801 5.937372 6.306299 6.699671 6.150484 6.084657 6.578141 6.23329 6.686884 6.227736 6.44325 6.759905
"CRMP1" 9.899577 10.094796 10.022927 10.228257 10.051817 9.568934 9.8016 9.725083 9.762936 9.764982 9.566835 9.509535 9.558852 9.314808 9.410415 8.98505 9.293263 8.850996
"NEDD9" 2.35431 2.58404 2.920826 2.424378 2.714269 3.230732 2.71308 2.626539 2.446202 2.558829 2.510872 2.486017 2.489694 2.634362 2.788907 3.23944 2.751647 2.88594
"MANEAL" 5.174198 5.251471 5.309014 5.542911 5.066495 5.26969 5.036051 4.880127 5.485539 5.575322 5.287503 5.122556 5.182429 4.564111 5.017088 4.628204 5.250122 4.862447
"IFNA2" 1.678466 1.770575 1.695525 1.698536 1.730769 1.682084 1.782519 1.763383 1.752665 1.65355 1.71324 1.544365 1.757237 2.043814 1.620681 1.767437 1.852499 1.758561
"KIFC3" 3.199747 3.228118 3.523421 3.356738 3.309271 3.334461 3.20932 3.224647 3.346233 3.154046 3.268248 2.998481 3.29708 2.898641 3.187399 2.924908 3.191536 3.17443
"ZNF333" 2.454609 2.431863 2.403401 2.320698 2.432685 2.33398 2.251843 2.32337 2.364174 2.379214 2.423989 2.499417 2.390573 2.240983 2.281074 2.189196 2.329539 2.424608
"ZNF28" 2.033486 1.81219 2.002444 1.794523 1.721095 1.672442 1.905254 1.667494 1.90842 1.769129 1.782568 1.7754 1.699499 1.971635 1.7754 1.810206 2.08759 1.704449
"ANKRD22" 2.404939 2.613678 2.592125 2.326536 2.503132 2.522712 2.462853 2.423662 2.480862 2.371865 2.34374 2.187165 2.489696 2.486019 2.510013 2.696317 2.629454 2.491588
"ZFR" 6.369056 6.69706 5.866855 6.807931 6.367877 6.562693 6.112892 6.503435 6.546095 6.566371 6.610624 6.403477 6.493362 6.587125 6.199064 6.601251 6.760383 6.723041
"TRIM33" 5.37544 5.433353 5.572393 5.373564 5.384569 5.591899 5.541926 5.332565 5.267223 5.358529 5.35345 5.388325 5.153555 5.402688 5.431997 5.499642 5.322039 5.436576
"RIMS3" 5.366949 5.18731 5.223993 5.384241 5.173413 5.265679 5.401697 5.098861 5.515232 5.69907 5.551935 5.318323 5.6882 5.796075 5.711581 5.750153 5.831118 5.764814
"ZNF595" 2.156543 2.104309 1.985339 1.753932 2.363193 1.842104 1.961088 2.01775 2.048905 2.156453 2.160345 1.967564 1.812306 1.988551 2.071058 2.114688 1.977995 2.132456
"PML" 2.711349 2.892723 2.923052 2.784519 2.731741 2.832618 2.946103 2.738332 2.854066 2.871695 2.833947 2.974278 2.83731 2.872625 2.759761 2.759581 2.866562 2.749881
"MED27" 5.025948 5.112684 4.790887 5.11788 5.006663 5.335971 5.052708 5.149302 5.193092 5.313992 5.179786 5.075204 5.191857 4.88662 5.229343 4.979528 4.984927 5.301187
"PARP14" 3.155918 3.040844 3.04924 2.91565 2.91855 2.728912 3.045641 3.141204 2.758255 2.979361 2.999322 3.038939 2.808814 3.203526 2.942377 3.122697 3.123219 2.813347
"ZNF700" 3.163336 3.579218 3.211342 2.754043 3.67803 3.476459 2.988171 3.327151 3.135824 2.960731 2.926038 3.14371 3.267074 2.634183 2.965388 2.614383 2.982745 2.745111
"PLXNA1" 6.412425 6.851219 7.095925 6.75024 7.031747 6.27719 6.745927 6.358423 6.547133 6.514849 6.319151 6.420528 6.272952 6.315258 6.21844 5.958371 6.191322 5.829478
"CBLL1" 3.534991 3.78015 3.794343 3.616874 3.839442 3.783925 3.782198 3.993659 3.899351 3.648097 3.937968 3.60916 3.592045 3.85274 3.711389 3.83312 3.685193 3.732099
"ERG" 2.202583 2.327223 2.408392 2.186207 2.16677 2.171278 2.115999 2.261519 2.178695 2.24722 2.280563 2.177253 2.312863 2.372598 2.300467 2.285359 2.329474 2.18874
"ZBTB6" 2.661612 2.733986 2.390898 2.277912 2.417754 2.571873 2.608217 2.654381 2.242337 2.271276 2.499969 2.330905 2.03774 2.398397 2.219157 2.115154 2.163748 2.15961
"DVL2" 4.125005 3.531582 4.160576 3.968872 4.18131 3.866977 3.91611 4.4041 4.081621 3.747165 3.922742 4.003714 3.942529 4.24613 3.881996 4.024065 4.03753 4.094886
"ZNF626" 3.039973 3.13374 3.089489 3.19576 3.109115 3.131091 3.083732 2.908724 2.918827 2.95149 2.877118 2.996434 2.933872 3.103551 3.028769 3.003266 2.79963 2.901305
"ZSCAN2" 2.789193 3.330923 2.953906 3.067806 3.00756 2.957766 2.75056 3.057221 2.860747 3.02463 3.027578 2.691795 2.814224 2.733577 2.716668 2.826092 2.603126 2.983812
"DOT1L" 3.007632 3.332716 3.42352 3.024148 3.220888 3.03761 2.777597 2.898018 2.94122 3.081007 2.924166 2.711111 3.066155 2.773531 2.914296 2.718105 2.816677 3.024396
"CUL4B" 4.616956 4.84547 4.280222 4.484609 4.263519 4.572463 4.750557 4.64964 4.860442 4.762985 5.001017 4.807853 4.755181 4.405767 4.679099 4.48548 4.732964 5.0174
"TRIM14" 3.116454 3.17675 3.265264 3.089543 3.363374 3.012299 3.031086 3.246382 2.989781 3.006931 3.143037 3.298825 3.232513 3.295505 3.201911 3.298307 3.314163 3.298263
"ZNF527" 2.751051 2.448347 2.451963 2.510102 2.513702 2.402022 2.551183 2.735072 2.491373 2.542151 2.764655 2.817238 2.712617 2.550815 2.428632 2.55927 2.446654 2.738591
"SIRT6" 3.993881 3.714486 3.949839 3.744057 3.814468 3.933259 3.808949 3.947609 3.82069 3.901941 4.028033 3.846636 4.077284 3.878682 4.005299 3.928866 3.72996 3.922703
"DZIP1L" 2.761494 2.652435 2.757862 2.558924 2.500672 2.303402 2.974627 2.819842 2.57463 2.42195 2.331422 2.433245 2.824563 3.205243 2.540245 2.798025 2.824253 2.600184
"GAS7" 6.830278 6.655259 5.875217 6.775252 6.320876 6.982165 7.253388 7.063259 7.38257 7.299709 7.685928 7.626166 7.363901 7.437915 7.250443 7.336564 7.290105 7.811225
"ZNF264" 4.408706 4.473396 4.591918 4.322396 4.489717 4.623159 4.54859 4.540851 4.336818 4.326855 4.396523 4.318032 4.274776 4.04135 4.459034 4.171101 4.290393 4.488617
"ESX1" 2.016787 1.954366 2.043925 2.187893 2.088291 1.921805 1.943198 1.991125 1.974566 2.0706 2.095508 2.002803 2.004875 1.979189 1.930987 1.910152 1.841161 1.871847
"TFE3" 5.923113 5.800826 6.190003 6.170586 5.722519 5.949957 6.106325 6.292068 6.229135 6.187006 6.314994 5.881012 6.180795 6.296128 6.277605 6.280563 6.467277 6.068774
"ZNF175" 4.970958 5.505837 5.27589 4.95627 4.804192 5.298855 4.982291 4.928145 4.954333 4.850566 4.996696 4.830989 4.910316 5.029052 4.992477 4.872641 4.917094 5.198593
"ASH1L" 5.708753 5.765805 5.892533 5.823881 5.850007 5.850094 5.748126 5.941584 5.965542 5.740406 5.887355 5.826073 5.947722 5.940154 5.962512 5.987405 5.897706 5.948597
"TRIM22" 3.762329 4.531737 4.634555 3.322873 5.294797 2.889416 4.111338 3.559659 3.83677 4.024077 3.668815 3.928515 3.963416 3.498138 4.019857 3.272893 4.338337 3.999894
"GLIS2" 4.40313 4.754538 4.531428 4.278135 5.322202 4.34426 4.416777 4.964459 4.544755 4.322525 3.97706 4.315937 4.080595 4.060753 3.828515 4.165487 4.212006 3.98689
"ZNF121" 6.581673 6.777004 7.023732 6.83086 6.69722 7.009883 6.639592 6.639409 6.314375 6.203014 6.458475 6.529964 5.885682 6.177092 6.27904 6.234908 5.951661 6.310541
"MYBBP1A" 3.193251 3.012684 3.356661 3.338698 3.274987 3.215552 3.095707 3.263623 3.430351 3.567906 3.100761 3.378642 3.396762 3.187173 3.476464 3.332737 3.727429 3.68659
"OTP" 1.918601 1.990406 1.8212 1.981107 1.999998 2.004644 1.897268 2.045377 1.92966 1.894446 1.986016 2.10488 1.966162 2.038305 1.99759 2.144971 1.982645 1.954795
"TULP3" 4.110598 4.292164 4.204271 4.324461 4.196381 4.334949 4.303315 4.362277 4.059342 3.880705 3.83294 4.033849 3.800571 4.216403 3.89031 4.03196 4.241422 3.76303
"EBF3" 2.068818 1.980214 2.19145 1.896613 2.137205 1.988905 2.135323 2.012323 2.037756 2.037053 1.992397 2.167947 2.074267 2.047072 1.956546 2.057678 1.905406 2.211796
"EZH1" 3.89846 3.787183 3.910136 4.066166 3.86504 3.979263 3.973875 3.988977 3.896432 3.941364 3.937988 3.889293 3.914633 3.935782 3.923893 3.907598 4.026778 4.043811
"DMAP1" 5.404006 5.54426 5.23707 5.365246 5.627543 5.314934 5.20134 4.964459 5.655402 5.614112 5.627762 5.330106 5.736677 5.47805 5.613701 5.334121 5.855139 6.204638
"MYNN" 2.775162 2.775482 2.634246 2.624134 2.692907 3.071074 2.883561 2.863331 2.89928 2.774708 2.874261 2.798293 2.669995 2.766944 2.840436 2.770319 2.637924 2.89556
"GMEB1" 3.188333 3.628605 3.463891 3.567463 3.463254 3.179554 3.452497 3.717221 3.560102 3.321371 3.206147 3.372107 3.349131 3.422525 3.331787 3.40348 3.114656 3.546526
"ZNF622" 5.273785 5.219923 4.85764 5.258227 5.019579 5.385504 5.38337 5.124304 5.312282 5.554059 5.438631 5.418968 5.426971 5.377273 5.432504 5.345172 5.517696 5.455297
"MGMT" 3.04723 2.974834 3.135782 3.426307 3.582678 3.03917 3.503213 3.593163 3.691812 3.372368 3.222875 3.191777 3.857879 3.586654 3.498875 3.384306 3.538166 3.366995
"FRY" 5.041565 5.294449 4.844421 4.875529 5.257043 4.905845 4.808826 4.953764 4.963722 5.096791 5.115879 5.293245 4.85254 4.702998 5.044406 4.623729 4.800555 4.951631
"EGLN3" 2.67894 2.543412 2.856209 2.600142 2.434234 2.514939 2.472023 2.721061 2.61524 2.557379 2.428741 2.451854 2.459297 2.72506 2.33528 2.823889 2.655625 2.533263
"SAP30" 3.400656 3.803056 3.898859 3.608375 3.475768 4.06359 3.472185 3.946091 3.819245 3.708629 3.779726 3.893956 3.727022 3.888918 3.999865 3.763596 3.972068 4.063913
"ZNF207" 5.179602 5.282601 5.365479 5.178757 5.354257 5.039828 5.242978 5.141819 5.051784 4.916781 5.085673 5.29015 4.907837 4.909988 4.928735 4.927387 4.886396 5.146522
"ZNF404" 2.102707 2.529598 2.530736 2.671415 2.424762 2.826098 2.691615 2.222724 2.586134 2.298239 2.450852 2.466213 2.276654 2.302724 1.960551 2.865457 2.328828 2.537865
"CHD6" 3.443213 3.43357 3.570143 3.183208 3.468186 3.571826 3.412199 3.621115 3.340021 3.276535 3.471313 3.481608 3.417079 3.557088 3.42581 3.482795 3.571048 3.675552
"SUV420H1" 6.238753 6.231605 6.129479 6.054003 6.264686 5.830232 5.928915 6.018114 5.635213 5.739578 5.774939 6.046188 5.450468 5.472204 5.520416 5.444341 5.51523 5.719988
"ZNF551" 2.725019 3.0449 2.862235 2.750586 3.166054 2.661675 2.661233 2.86059 2.626863 2.687124 2.728486 2.833566 2.754263 2.646642 2.690531 2.653245 2.485911 2.80644
"POLR1A" 3.520822 3.366161 3.312849 3.520644 3.559598 3.165255 3.311964 3.407557 3.239433 3.283937 3.551062 3.564444 3.46049 3.13193 3.320436 3.160584 3.242556 3.31808
"SF3A3" 4.992498 4.653833 5.206066 4.831285 4.909566 4.66495 5.209585 5.107538 4.847242 4.875728 4.78183 4.67328 4.5766 4.836837 4.827606 4.553909 4.831897 4.982168
"HNRNPR" 6.951077 6.982406 6.823513 6.930888 7.170345 6.732533 6.656673 6.621564 6.796573 6.741767 6.652804 6.923735 6.493219 6.616746 6.459566 6.496665 6.53111 6.631068
"ZNF385D" 5.664556 5.47926 4.355499 5.866695 5.115996 5.734255 5.307258 5.428915 5.388653 5.399673 5.558273 5.684469 5.151982 5.552103 5.16116 6.021386 5.689967 5.636492
"ZNF584" 3.540613 4.207067 3.836077 3.794671 3.897606 4.680365 3.829412 3.858362 4.506958 4.005223 4.05318 3.299095 4.071358 4.146187 4.39663 3.949387 4.090943 4.027007
"KLF13" 6.602914 6.63537 7.039415 6.980965 5.86254 6.712217 6.584544 6.768779 7.023663 6.995809 6.929266 6.33058 6.679126 6.535174 6.589984 6.365199 6.607262 6.921597
"ZNF552" 2.410823 2.973814 2.705212 2.523505 2.439088 2.636611 2.731682 2.734705 2.650477 2.489121 2.722422 2.923726 2.785179 2.830359 2.599778 2.573931 2.611949 2.578665
"SALL2" 6.541413 6.74192 6.669816 6.740439 6.421025 6.460711 6.61014 6.808772 6.333788 6.257853 6.312751 6.395987 6.047611 6.634734 5.90408 6.414882 6.432278 5.84884
"MTDH" 6.103859 5.695021 5.81366 5.918145 5.893538 5.720596 5.800512 5.923565 5.885274 6.013526 6.0619 5.932482 5.877628 6.070843 6.173032 5.914804 5.979242 6.307814
"PKNOX1" 3.714845 3.847576 3.827133 3.750613 3.773376 3.873808 3.702111 3.594803 3.70063 3.558837 3.622331 3.839941 3.546486 3.508403 3.53614 3.652514 3.652852 3.699315
"ATF6B" 2.488037 2.429128 2.399466 2.51655 2.583165 2.591966 2.472865 2.615928 2.410907 2.539597 2.511042 2.395767 2.476226 2.604625 2.494591 2.567525 2.585452 2.569104
"ETV5" 4.877563 4.968065 5.123658 5.374888 5.165266 5.137135 5.393726 5.155706 5.143082 5.535699 5.215399 5.213493 5.484752 4.984133 5.384989 5.133006 5.090503 5.668545
"PEG3" 8.308557 8.092191 7.866795 8.481901 7.739826 8.960965 8.503415 8.393601 8.514496 8.664648 8.776846 8.601306 8.89412 8.846601 9.019725 8.79111 9.067053 9.199469
"ZNF398" 4.660589 4.692366 4.579048 4.588908 4.437079 4.23295 4.645107 4.670982 4.441621 4.515193 4.709599 4.454053 4.313635 4.445509 4.438011 4.263855 4.204237 4.782748
"ZNF610" 3.693235 3.473999 3.932234 3.595233 4.073414 3.762964 3.565668 4.206537 3.285844 3.617453 3.87983 3.522854 3.003701 3.631156 3.688415 3.65029 3.854099 3.604768
"SETDB2" 2.580689 2.539941 2.396145 2.535794 2.656835 2.398429 2.536065 2.53198 2.278561 2.493838 2.55774 2.433423 2.326116 2.512448 2.358992 2.499903 2.428976 2.376669
"SOX8" 6.359792 6.261102 7.483841 6.46071 6.022466 6.381408 6.78811 6.40723 7.075135 6.37526 6.728453 6.734836 6.641026 6.044312 7.148768 6.67109 6.834893 6.750939
"YOD1" 3.599097 3.327809 3.396612 3.601615 3.234638 3.472829 3.540949 3.600795 3.262918 3.543146 3.593716 3.353513 3.328702 3.597793 3.597683 3.668394 3.520913 3.890472
"SLC22A4" 2.603537 2.658585 2.445993 2.541208 2.325094 2.209834 2.399186 2.459337 2.32612 2.304944 2.761184 2.457625 2.226649 2.637607 2.351647 2.858355 2.468895 2.480565
"DLX1" 5.513594 5.276677 4.977522 5.420284 5.539544 4.747404 5.393841 5.447282 5.055093 5.055587 5.100792 5.172869 4.728759 5.325245 4.924661 4.986762 4.938955 4.821276
"ZNF239" 4.258097 5.011722 4.629493 4.258063 4.250305 4.810468 4.65424 4.456745 4.180906 4.940849 4.908653 4.519236 4.502385 4.61405 4.540099 4.156796 4.515673 4.508292
"ZDHHC1" 2.212444 2.3534 2.381677 2.173039 2.415872 2.192634 2.457427 2.399201 2.182491 2.354483 2.33323 2.295054 2.277286 2.54313 2.406263 2.316185 2.157173 2.266548
"ZNF236" 3.314718 3.766833 3.660078 3.336643 3.498346 3.742727 3.46918 3.561213 3.426708 3.652988 3.377025 3.168981 3.396495 3.461118 3.574709 3.260273 3.416192 3.579281
"ZMYM6" 2.401674 2.284375 2.294748 2.291107 2.298906 2.351112 2.268355 2.396247 2.3992 2.298933 2.345878 2.422843 2.380493 2.256037 2.262694 2.319757 2.326372 2.38569
"ZNF704" 5.034186 4.98217 4.800666 4.969151 4.737706 4.443656 4.611975 4.869885 4.595036 4.57903 4.834953 4.605359 4.221845 4.507486 4.251746 4.308164 4.217926 4.434623
"TAF5" 3.221446 3.188856 3.479679 3.326048 3.540249 3.661772 3.397609 3.516019 3.410245 3.228984 3.305512 3.459825 3.105635 3.267232 3.220912 3.018395 3.535296 3.823552
"ZNF132" 2.234244 2.150958 2.160036 2.037192 2.190777 2.301954 2.138412 2.111292 2.013094 2.099011 2.083093 2.236131 2.110172 1.982831 2.15809 2.140505 2.400718 2.210996
"PDE8A" 4.631504 4.632115 4.893682 4.519697 4.60459 4.633574 4.618503 4.564759 4.792351 4.633206 4.856659 4.806987 4.576127 4.724669 4.971105 4.451167 4.603419 4.843574
"PAPOLB" 1.959 2.208772 1.949256 1.704724 1.887368 1.919714 2.198596 2.134862 1.796852 1.854569 1.828319 1.891166 1.859889 2.012588 1.917529 1.904877 2.004303 1.900032
"BRD4" 5.936348 5.907379 6.154384 6.077602 5.934418 5.878716 5.962698 5.678159 5.833319 5.974021 5.840835 5.543998 5.96176 5.827821 5.884298 5.76057 5.894451 5.791578
"HOXA2" 1.909401 1.923377 1.741061 1.900376 2.096835 1.930413 1.994023 1.846457 2.066107 1.837492 2.091254 2.197463 1.97637 2.086218 1.819884 1.651766 2.080602 2.092681
"LMCD1" 2.598606 2.527322 2.634112 2.467537 2.561288 2.506097 2.434381 2.491727 2.475357 2.491531 2.523998 2.547809 2.560609 2.453643 2.625092 2.445681 2.447935 2.486247
"KAT6B" 4.725804 4.808165 4.444462 4.682932 4.889562 4.376985 4.502326 4.536081 4.432035 4.057238 4.267802 4.518377 3.903355 4.291793 3.975571 4.35128 4.363704 4.358498
"HOXD10" 2.205283 2.230669 2.219012 2.278186 2.148871 2.458435 2.227491 2.243058 2.448696 2.168963 2.229022 1.925649 2.131077 2.22678 2.556052 2.398004 2.316534 2.253594
"NUFIP1" 3.423898 3.310718 3.627286 3.568321 3.40024 3.563993 3.333522 3.42264 3.40736 3.495021 3.644433 3.446291 3.436539 3.353932 3.370066 3.568718 3.337535 3.389337
"TRIM24" 4.772397 4.644385 4.964191 4.668934 4.9276 4.534029 4.650423 4.6404 4.511742 4.193465 4.459795 4.779079 4.124648 4.238419 4.055606 4.373752 4.081905 4.018796
"PNRC1" 6.704765 6.885942 6.974751 6.444613 6.407116 6.582929 6.693561 6.878767 6.780854 6.422569 6.683068 6.606059 6.854486 6.806317 6.975161 6.821584 7.177563 6.888625
"UPF1" 4.666728 5.31102 5.405807 4.894484 5.364057 5.133632 5.154872 5.059977 5.032273 4.903058 5.244417 4.711496 4.845325 5.008084 4.968522 4.669127 4.991968 5.070232
"RBBP7" 7.169612 7.23298 7.052669 7.210447 7.158749 7.254297 7.115978 7.304739 7.408626 7.344544 7.506058 7.410116 7.606107 7.268144 7.380161 7.164362 7.599965 7.537971
"BTBD11" 3.270765 3.367303 2.973084 3.645171 3.456309 3.759704 3.618444 3.828069 3.29358 3.801353 3.495368 3.176715 3.309699 3.868799 3.793213 3.701921 4.414489 4.10976
"ZNF677" 3.138267 3.492854 3.55738 3.138659 3.509577 3.124777 2.766916 3.255723 2.857006 2.629015 2.705481 2.869216 2.562907 2.529535 2.649606 2.689016 2.432301 2.683416
"ACAD8" 5.346635 5.213317 5.49501 5.110652 5.285001 5.858123 5.268224 5.473428 5.663973 5.770226 5.445316 5.18327 5.496348 5.252523 5.330433 5.130214 5.788282 5.655299
"BNC2" 2.441876 2.184861 2.143814 2.234986 2.383229 2.227897 2.199025 2.21994 2.31471 2.240908 2.377249 2.121066 2.435127 2.276303 2.280803 2.176308 2.199505 2.180774
"SMAD4" 3.184982 3.365781 3.470727 3.164559 3.328252 3.148054 3.328308 3.225311 3.07471 3.156502 3.119191 3.197316 3.017389 2.968567 3.160811 3.03935 2.99892 3.244467
"RNF41" 4.572845 4.328176 4.34796 4.49211 4.413364 4.472093 4.460511 4.453811 4.646537 4.553777 4.468675 4.532709 4.452651 4.459225 4.465708 4.44779 4.446467 4.550143
"SNRNP70" 5.185994 5.007203 4.906091 5.099852 5.52926 4.780105 4.841595 4.743035 4.813325 4.884178 4.885636 4.981928 4.879085 4.942217 4.803842 4.85404 4.917982 4.885472
"ZBTB47" 5.07703 4.766623 5.279676 5.221043 5.158784 4.823583 5.185177 5.342128 5.120363 5.126665 5.133915 4.870093 4.904934 4.970408 4.95188 5.030932 4.93322 5.032666
"GTF2IRD2" 3.803577 3.731481 2.934464 3.695606 3.739667 3.70466 3.659716 4.395119 3.969745 3.637415 3.814939 3.27033 3.919568 3.899265 3.653737 4.031509 4.033209 3.242897
"YAP1" 3.478509 3.651139 3.803776 3.026265 3.17454 3.485571 3.487107 3.834253 3.244757 2.669797 3.090827 3.008377 3.016127 3.296469 2.758624 3.211581 3.219848 2.851452
"ZNF100" 2.320674 2.153109 2.531284 2.551183 2.205292 2.067647 2.399186 2.347752 2.182377 2.483363 2.289255 2.529765 2.054665 2.457832 2.123653 2.072228 2.224868 2.219721
"NAA15" 3.368118 3.468567 3.380852 3.50851 3.475732 3.560875 3.312105 3.318584 3.243183 3.257211 3.441596 3.231193 3.194153 3.257854 3.235197 3.329357 3.174477 3.461431
"ZNF180" 3.876733 3.29979 3.088876 2.964572 3.354978 3.00327 3.166706 3.289281 3.246608 3.605674 3.378798 3.192418 3.046159 2.838614 2.996763 3.079953 3.27725 2.895352
"TCEAL2" 9.115881 9.101713 8.902477 9.092102 9.31193 9.059653 9.093509 8.943774 9.170127 9.322913 9.038535 9.098165 8.997102 8.934046 9.173951 8.992057 9.036051 9.121041
"ANKRD2" 2.294541 2.503774 2.669303 2.656813 2.717862 2.385074 2.652103 2.759741 2.589398 2.483512 2.412278 2.446962 2.864607 2.851835 2.909167 2.629524 2.826329 2.635512
"RBM7" 3.662822 3.864299 3.743468 3.474284 3.450103 3.592032 3.471745 3.713137 3.622952 3.564001 3.701731 3.476421 3.457224 3.502376 3.48514 3.406174 3.444202 3.61771
"CSRNP3" 7.207515 7.389992 7.085875 7.294775 7.357002 7.12194 7.05854 7.072543 6.839051 6.834331 7.024138 7.19142 6.628599 6.960222 6.965915 7.074643 6.795276 6.886549
"NKRF" 6.275693 6.38147 6.48408 6.526796 6.706704 7.887507 6.497334 6.378607 6.483583 6.589538 6.48089 6.302182 6.574051 6.456236 6.51516 6.530292 6.441598 6.635442
"ZNF581" 3.784565 4.061024 4.123645 3.590838 3.531223 3.788364 3.550228 3.490053 3.755281 3.656609 3.996126 3.809812 4.41045 3.311994 3.63406 3.619984 3.885603 3.662696
"TRIM21" 2.816259 2.329955 2.296456 2.203638 2.205715 2.426197 2.386046 2.644526 2.867416 2.35803 2.357065 2.488773 2.522754 2.646458 2.561495 2.655631 2.520212 2.603126
"ARHGAP35" 5.703908 5.93227 5.846411 6.284199 5.932052 5.574769 5.325806 5.455915 5.439925 5.589244 5.560849 5.52986 5.536372 5.234258 5.270095 5.429861 5.369322 5.277918
"ZNF124" 2.665742 2.657278 2.563087 2.772998 2.821853 2.918519 2.769329 2.734286 2.123788 2.757755 2.468652 2.917197 2.302757 2.744461 2.351676 2.629774 2.431173 2.360548
"RAD54B" 2.602598 2.590143 2.860224 2.652278 2.781724 3.768172 2.705936 3.284676 3.131 2.869918 2.967963 2.828748 2.816259 3.590535 3.274008 3.347298 3.466786 3.097943
"NOTCH3" 4.029378 4.2284 4.513332 3.988649 3.979617 3.378428 3.897699 4.450584 4.150866 3.940245 3.826983 4.3825 3.832031 4.075099 4.123802 4.508519 4.20552 3.729253
"CEBPB" 5.329653 5.472787 6.473178 5.443862 5.250608 6.858081 5.919969 5.846579 5.554774 6.474285 6.347299 5.054953 6.562734 6.145709 6.581858 6.996515 6.217602 7.178556
"ZYX" 4.380786 4.79958 5.088321 5.038492 4.964842 4.761292 4.261306 4.398301 4.562783 4.807321 4.635317 4.557561 4.897516 4.592909 4.907045 4.417166 4.834609 5.304642
"FBXO7" 5.083661 5.082551 5.172405 5.15764 5.01518 5.233607 5.235389 5.035782 5.351981 5.086157 5.144154 5.199705 5.264591 5.240277 5.261564 5.071146 5.279583 5.254072
"ZNF738" 3.304749 3.258596 3.544835 3.195924 3.269933 2.474253 3.016384 3.113451 2.670436 2.835464 2.78754 3.017042 2.462662 2.570267 2.742886 2.667883 2.681328 2.642851
"CNOT6" 5.215301 5.704137 5.359946 5.109656 5.372581 5.754455 5.100344 5.292507 5.274877 5.204734 5.155994 5.169038 4.58009 5.172084 5.094371 4.912624 4.732562 5.421917
"TBC1D10B" 4.776986 5.079487 4.842265 5.038176 4.718129 4.481663 4.79487 4.783806 5.025609 4.940118 4.97794 3.979696 4.908634 4.480304 4.943971 4.696237 5.31255 4.832835
"ZNF778" 2.161512 1.96921 2.006708 2.260309 2.251327 1.935721 2.256007 2.163746 2.014731 1.991327 1.966749 1.842753 1.806074 2.025683 1.885623 2.011179 2.093788 1.992714
"HIF1A" 8.741656 8.784515 8.953819 8.671735 8.706413 8.840467 8.63946 8.634489 8.450788 8.343843 8.424848 8.490715 8.293964 8.240966 8.289868 8.651016 7.979968 8.21758
"HES5" 4.570436 5.589252 5.6722 4.997882 4.718711 3.535232 4.780477 5.582015 4.19435 3.804682 3.783659 3.917412 3.426402 4.600486 3.799838 4.806893 3.903913 3.419525
"ZNF606" 3.917816 4.037017 3.968158 4.026777 3.977782 3.684087 3.527488 4.075946 3.435463 3.49153 3.558031 3.800988 3.360247 3.44126 3.317535 3.027805 3.527042 3.544966
"ZZZ3" 4.941269 5.20444 5.181427 4.931253 5.127769 5.552122 4.971873 5.125041 5.091393 4.941513 4.914873 5.007581 4.878149 4.894805 4.852544 4.753882 4.738937 4.954231
"PLAG1" 2.018949 2.200098 2.299268 1.910235 2.309189 2.214654 2.030107 2.580499 2.245965 2.05281 2.193955 2.407293 2.036824 2.404637 2.181342 2.378797 2.175008 2.439464
"ZMIZ2" 4.75756 4.818108 4.966665 4.786075 4.844179 4.761573 4.80888 4.807103 4.820289 4.95249 4.770159 4.551542 4.778873 4.763419 4.890705 4.727619 4.852435 4.714145
"GATA2" 2.788887 2.64652 2.801501 2.986289 2.4867 2.583238 2.795186 2.86785 2.750952 2.757496 2.877855 2.641766 2.983477 2.963022 2.974591 3.021725 3.160743 3.016762
"LMO3" 6.557435 6.782354 6.297624 6.369034 7.112725 6.256598 6.235423 6.38165 6.230724 6.434776 6.413614 6.763047 6.218717 6.479706 6.478774 6.314077 6.134261 5.813477
"TOPORS" 4.620378 4.706241 5.000031 5.048693 4.614064 6.213515 4.918795 4.768348 4.578391 4.324257 4.680052 4.107238 4.739318 4.733502 4.899784 4.762384 4.793372 4.721971
"PHF12" 3.005166 3.542815 4.508498 3.527936 3.443942 3.662568 3.414162 3.700479 3.250384 3.190685 3.234446 3.11276 2.953508 3.200998 3.259157 3.239505 3.244946 3.404437
"THAP9" 2.193428 2.091568 2.05349 2.013029 2.372919 2.09733 1.92172 2.145518 2.156002 1.98364 1.968441 2.029856 1.829503 2.142658 1.932745 2.349371 2.17672 2.071558
"ZNF311" 2.021395 2.142402 2.008993 1.946883 2.264554 2.010304 1.797141 2.096512 1.969008 2.06006 1.997376 1.921837 1.872636 1.871586 1.951049 1.873259 1.906637 1.95099
"GTF2I" 3.88972 3.632407 2.785616 3.082786 3.279218 3.392807 3.413933 3.266241 3.722631 3.376435 3.1271 3.846345 3.220158 3.094475 3.242946 3.208626 2.756683 3.26721
"ZFYVE20" 4.682656 4.549287 4.430263 4.58616 4.367186 4.477223 4.61503 4.647113 4.544051 4.592323 4.624619 4.859417 4.567057 4.476302 4.497951 4.719603 4.641479 4.549663
"BCL6" 5.682656 5.351253 5.53839 5.327629 5.293871 6.110814 5.520942 5.819291 5.273594 5.21103 5.336984 5.210976 5.00222 5.384228 5.021762 5.573711 4.716302 4.894425
"ZNF607" 2.814664 2.902699 2.998091 2.523555 2.551226 2.865448 3.013427 2.719155 2.86152 2.515076 2.308337 2.604256 2.461541 2.533718 2.644841 2.567461 2.667941 2.488515
"BATF2" 2.29477 2.668693 2.283915 2.507152 2.321815 2.173261 2.433094 2.204946 2.501154 2.363461 2.337485 2.021487 2.249351 2.53 2.202893 2.512162 2.372945 2.21297
"HCFC1" 4.102179 3.962038 4.115258 4.224999 3.986544 3.882844 4.035803 4.272846 4.072107 4.202179 4.170368 3.99036 4.147614 4.143969 4.165093 4.179412 4.284311 4.029726
"THAP8" 4.705779 4.133672 4.172623 4.313171 4.736114 3.627707 4.289065 4.45058 4.538818 4.19769 4.465738 4.290714 4.139368 4.416989 4.129586 4.184948 4.393971 3.978262
"ZNF490" 2.964606 2.406504 2.477605 2.830214 2.608911 2.71133 2.721389 3.02748 2.532022 2.697403 2.606093 2.825306 2.580073 2.992821 2.562527 2.427378 2.686469 2.688392
"ZNF492" 1.688932 1.972295 1.808134 1.730201 1.80153 1.791448 1.858682 1.661806 1.585086 1.729576 1.852582 1.873286 1.786923 1.811831 1.86914 1.839072 1.734504 1.826367
"NCOA3" 4.16152 4.148536 4.686618 4.36641 4.395261 4.383384 4.241348 4.354672 3.869527 4.098657 4.107808 4.236638 3.999968 3.64871 4.097665 3.908521 3.903931 4.729074
"NACC2" 4.937973 4.585202 5.111258 5.089575 4.671469 4.98425 4.879623 4.896613 4.570839 4.304377 4.265158 4.562758 4.328963 5.116383 4.667621 5.020011 4.972988 4.578638
"ZNF324B" 2.927395 2.966473 2.782675 2.840795 3.213801 2.884766 2.638085 2.887149 2.822587 2.87243 2.669728 2.783442 3.151872 2.836472 2.956291 2.857497 2.836335 2.902494
"ZBTB1" 2.801406 2.94184 2.929003 2.856547 3.095301 3.444711 2.732668 3.012498 2.952551 2.84527 2.920712 2.679515 2.769687 2.714119 2.983571 2.782888 2.753338 3.112912
"TRIM3" 3.65442 3.626412 3.826493 3.914379 3.81882 4.072749 3.822697 3.574387 3.887729 4.068058 4.033726 3.958343 3.971715 3.82568 3.988587 3.75756 3.815482 3.954752
"YEATS2" 4.956135 4.795611 4.967327 4.912983 5.053614 4.885017 4.891097 4.845987 4.869859 4.883778 4.879561 4.758806 4.820909 4.780123 4.891293 4.869171 4.764537 4.630335
"POU3F3" 4.706194 4.431631 4.696823 4.652247 4.452297 4.403639 4.721819 4.466674 4.292733 4.278297 4.388622 4.182322 4.22241 4.387515 4.143892 4.140466 4.051978 4.018006
"ING5" 3.630101 3.889797 3.848054 3.943097 4.079736 4.084704 3.829336 3.678818 3.669325 3.60767 3.700313 3.702057 3.63318 3.636801 3.578302 3.789801 3.65589 3.753416
"SETD2" 5.078187 5.183817 4.741132 5.347124 5.462194 5.070984 4.548889 4.722152 4.672225 4.948823 4.869144 4.918598 4.663983 4.824845 4.555533 4.903175 4.69278 4.6592
"ZNF682" 3.151643 3.407211 3.155287 3.102016 3.736143 3.392791 3.092597 3.328296 3.537678 3.353401 3.453182 3.670116 3.159087 3.578169 3.259649 3.194596 3.114885 3.711772
"TADA2B" 5.525607 5.394108 5.860953 5.306339 5.524942 5.209932 5.29119 5.362252 4.989207 5.20004 5.192956 5.396794 4.751323 5.122262 5.197908 5.01236 5.182027 5.154276
"TBX19" 2.600338 2.438205 2.424079 2.510886 2.663606 2.551582 2.41003 2.466758 2.512916 2.860574 2.428157 2.470365 2.622641 2.61701 2.644841 2.507959 2.527003 2.559576
"THAP5" 3.059791 3.546337 3.394238 3.390235 3.308791 3.590725 3.106173 3.499719 3.462006 3.285627 3.467538 3.275114 3.228758 3.395412 3.74674 3.340234 3.039193 3.358388
"TRIM10" 2.193747 2.03837 2.250561 2.123831 1.966997 2.079304 2.153298 2.469239 2.117523 2.162187 2.162051 2.260656 2.125679 2.153788 2.129247 2.227242 2.160321 2.126085
"ZNF354A" 4.204779 4.225069 4.688989 4.284255 4.346372 4.41182 4.29113 4.168704 4.367636 4.281418 3.891678 3.885267 4.19717 4.242019 4.40228 4.148142 4.195412 3.960851
"PA2G4" 5.47187 5.291838 5.543249 5.629441 5.395839 5.443722 5.401122 5.418288 5.431274 5.524699 5.42889 5.504453 5.484391 5.441812 5.324533 5.429792 5.378984 5.243518
"LENG9" 2.749176 2.633128 2.773143 2.634328 2.749176 2.762964 2.508667 2.747316 2.743134 2.671707 2.751831 2.67165 3.012149 2.869239 2.8419 2.908472 2.785802 2.719289
"RCBTB1" 3.517241 3.353502 3.64555 3.391328 3.386218 3.546719 3.392789 3.247273 3.447242 3.298046 3.640141 3.666627 3.814793 3.680684 3.601241 3.573534 3.551976 3.505811
"PBX4" 3.175479 3.445189 3.627807 3.384004 4.245304 3.198351 2.751569 3.06906 2.761253 2.902494 2.736193 2.548872 2.700353 2.542114 2.642584 2.749143 2.851008 2.651734
"PAPOLG" 3.53667 3.854243 3.898959 3.684936 3.707169 3.843234 3.560056 3.480353 3.526408 3.453236 3.573524 3.524531 3.262364 3.41793 3.442144 3.437676 3.281518 3.532159
"TRIM23" 5.069569 5.055215 4.134992 4.64143 4.439591 5.365158 5.528675 5.377777 5.992138 5.684427 5.948795 5.932883 5.604494 5.646345 5.572389 5.338749 5.671609 6.282791
"ZNF559" 5.720603 5.814076 5.422019 5.433089 5.659425 4.895462 5.205877 5.680635 5.56407 5.575806 5.48497 5.588398 5.475081 4.74423 5.366639 4.846861 4.380858 5.325051
"ANAPC2" 4.46365 5.127296 4.821133 4.749758 4.798297 4.995925 4.895397 4.930024 4.769695 4.943394 4.626037 4.554586 4.894215 4.425312 4.841258 4.292945 4.830953 4.776509
"TIGD7" 3.388302 3.256194 3.756766 3.521112 3.550896 3.819727 3.536871 3.603365 3.610617 3.699779 3.4797 3.096388 3.151776 3.246453 3.239015 3.213503 3.531205 3.415177
"SBNO2" 3.291064 3.364347 3.258529 3.176833 3.243136 3.472307 3.414162 3.25302 3.225009 3.424757 3.31173 3.420676 3.917242 3.629714 3.820964 3.458394 3.753377 3.658858
"ZNF528" 3.452688 3.515428 3.578443 3.698851 3.669955 3.615075 3.785533 4.03611 3.34656 3.952493 3.783468 3.736572 3.8809 3.744834 3.436321 3.858941 3.839671 3.478908
