"ID1" "ID2" "ID3" "ID4" "ID5" "ID6" "ID7" "ID8" "ID9" "ID10" "ID11" "ID12" "ID13" "ID14" "ID15" "ID16" "ID17" "ID18"
"FAM122B" 5.5321423319712 6.39565350268866 5.15908240368838 5.80604006181681 5.33984833990968 5.43801367653978 5.4470139538669 5.9686229020627 5.56714105826671 5.394824478045 5.91411126832646 5.40751991589211 5.81007375062248 5.83789400981246 5.89408115682401 5.66041325590235 5.33861523068187 5.90386189188516
"DEFB108B" 2.45620952366479 1.99304393786028 2.25167281908841 2.44001790838269 2.49361016209381 2.63688678976875 2.02191808945055 2.55657070196715 2.49004701994751 2.34328402528278 2.54582875903468 2.39718801672993 2.42407618830459 2.58234516692979 1.80038718251713 1.94312246622992 2.39743181650024 2.58581365709561
"CCSER2" 5.16494504873077 4.92351065183405 4.97969098761565 5.0801155928536 5.0145694712518 5.50204849618358 5.37595137985655 5.17888344517578 5.39573326155324 5.60125989310855 5.70147523601484 5.08574999391629 5.32917667262223 5.51345033370034 6.63946825674505 5.89004328145849 5.20474488681626 5.30886855448099
"GPD2" 5.74245549202143 5.64917984034936 5.43041109169819 6.00741804500112 5.66212560729388 6.05032915312894 5.17107548081405 5.76177755388831 5.53671806139937 5.86177641186181 5.79744641180798 5.37093747685373 5.49229708170629 5.04087112933996 5.19194322479277 6.12250092168987 5.08495543645083 5.69788835531803
"HECW1" 4.59540703802088 5.24364446219098 4.80271600560188 4.95770626739189 4.73855448923165 4.74946326258007 4.74866198648361 4.98974146233657 4.87824675185233 5.17963874530322 4.47523954572772 4.40821518431411 5.22729978173809 5.08617290611649 4.33580734325639 4.5071799408121 5.06465798291639 5.01800409634245
"GPM6A" 11.8190816844788 10.9024075547226 11.1417415225848 11.0619060906236 11.0590745097851 11.6023603696039 11.2040899991638 11.111495972027 10.8545487364638 11.0129081247937 11.1219457112886 11.5899181068299 10.8511442689975 10.8963110349457 10.8723720120333 10.8209550148235 10.7815240407088 11.3588268972869
"TSPO" 4.09356972840973 4.08838367379774 4.41352643775747 4.16075809795218 4.7369497981071 3.72067628890878 3.45028543379637 4.14097223450717 3.67920524142991 3.7029553735725 4.32386138468563 3.66140937854918 3.92855885255859 3.73015822792248 3.82699162518681 3.92736607258988 3.95222179840541 3.67609961072543
"NME9" 2.28145477989948 2.54543646070489 2.56026325613389 1.84517371439629 2.84671802173408 2.95591182668847 2.43338234326415 2.99341527866177 2.35428227436631 2.46489103756155 2.3523035354683 2.20999588938584 2.5058635696324 3.11998664882685 2.31065051710612 2.04540721193505 2.36073011720302 2.72487084447562
"TNFRSF11B" 2.16685227717144 1.71532723932824 2.77153837145893 2.17411080171253 1.90100595985719 2.6378409813661 2.26872452598075 2.01877319406097 2.05562656444055 1.82273343054843 2.07183208673001 2.01902846733154 2.21414912781735 2.49973607924743 2.24606177643377 2.18659698179883 2.36549433985785 1.95355988908232
"AMPD3" 3.94726604808797 3.78745408809609 4.08966800997659 3.9113214608865 4.64563713430827 4.28594966824056 4.35941194765807 5.06620474753652 5.09231070263219 5.59158636594532 5.11253764918507 5.41015535518042 5.09907894982415 4.490233440435 5.32493941344893 5.7321403977923 5.19234630307799 5.0314432800692
"BDH1" 5.98728752617491 5.31930367401421 5.74855167857886 5.70942950892921 5.86843544023899 5.60010146106467 5.42282455303674 6.31103364758295 5.5794136145648 5.75035131085427 6.18154499058825 5.52452494164678 5.494004999712 5.48867724518719 5.72400543783589 5.48196695152103 5.66717068280588 5.86312475001031
"UQCRC1" 8.28357533805871 7.95069125021594 7.88591572278868 8.57535396254099 7.98532146709176 9.31487968386152 8.63274068890324 8.52598502817794 8.4333754166268 8.40332360057117 8.90414416813167 8.06805754776747 9.30092494702074 8.46498407396254 8.50186583296717 8.40126636609832 8.67878247888655 8.65111248684382
"ENOSF1" 3.10631314467985 3.06634203421449 3.23659028226031 2.97507895209209 3.61611638336151 2.85592842727378 3.12672506827661 3.70288533280331 3.39922241431934 3.31626716670269 3.38888836881123 3.10591325357354 3.55745373788918 3.00186546210695 3.45505493609453 3.67009038271421 4.0262350120004 3.63407505503271
"OR51E1" 3.01748489467189 2.32149181382791 3.16823442612435 2.18517453712003 3.64938096691657 1.99625144622312 2.48174162937335 2.46003850788565 2.80567524544091 2.35285190490413 2.77055515558427 2.64250430697681 2.06789044422255 2.51378158103737 2.58958444183479 2.37767077776499 2.41192309118003 2.1147772216548
"LOC100133920" 2.0576587216785 2.13450596063566 2.18826003949247 2.26687158052091 2.20543936748294 2.27592366063646 2.42421142132187 1.75412104080945 2.23042174305253 1.94347203812419 2.11092358217386 1.89423288987017 2.17918942782072 2.38900052725006 2.38635957141366 2.17724871826311 2.24213942373863 2.09155253677445
"GLYCTK" 3.03317465990369 3.33600373666531 3.5836690346576 2.9582639959208 3.15196281410377 3.28864381726167 3.73829906445428 2.75939733533523 2.871004346723 3.53529623051858 3.18991544054617 3.15296719488933 3.16051374278061 3.03415537808916 3.33829154492283 2.87250643407575 2.94499934408948 2.93921484415952
"NPDC1" 8.49342682211867 7.91928440883167 7.82748817558979 8.04611087579918 7.61212656478325 7.36339021080936 7.46010371100734 7.71286670766485 7.4441776069508 7.8790949933668 7.51792704482774 7.94211674031554 7.73769228289915 7.52989227613168 7.99079327087851 7.90164180276634 8.36399730593286 7.61821649064172
"GJB2" 2.59278462558773 2.42959540727226 3.1013142689011 2.69198953322239 2.95399032754159 2.60213637318802 2.20511931512656 2.44805837366309 2.78621699542773 2.61529771668457 2.96690722556479 1.78302961247623 5.40555610983527 2.14178003144064 2.60525141248242 2.48254402089454 2.16699478317698 2.39021048731204
"EDA" 2.23386032036751 2.39069409595242 2.31297247823099 2.79208848350168 2.74983969183812 2.41309617218108 2.29334820523565 2.34782710004669 2.27035730004627 2.0486321130417 1.97234826410708 2.27784648293929 2.0647595104057 2.61164207846978 2.90111851957402 2.49649681798743 2.43563174691419 2.17048223706432
"PIK3CD" 4.05077889023776 3.96543993397829 4.45215613410437 4.3078574760157 4.44938092995835 3.97322137866181 4.18640827496759 3.84139485038492 4.78715968447058 4.48010054052589 4.15258562450951 4.3547992561796 4.77240591949308 4.67805007851771 4.37367887566089 4.33845167086954 4.82894413516206 4.89285845758069
"UBE2D2" 7.04258892953566 6.95640135408742 6.77463340798393 7.03582208056525 6.87697382822318 6.85315531095578 6.855496494314 6.9212199703468 7.75136386107463 7.22741806155745 7.4871358169148 7.05426774967982 7.3737300863065 7.26212757793346 7.24963777422124 7.65810547477429 7.46932768337522 7.70148499705748
"ARMC12" 2.75728026617082 3.85308251347299 3.37218762329781 3.06494711592767 2.7873106238826 2.74569188287832 2.7462461011585 3.28535871508164 3.2032455915562 3.21977431707436 3.0935004602041 2.58625043594723 2.74355793668528 2.84619758182159 4.2418615140944 2.76258954593115 3.03278627723022 2.53205700473185
"CNTNAP4" 3.87649344216282 4.2229543548598 2.92791254532664 4.04732038019751 3.39323200865298 3.84901683910138 3.69866886644286 3.2493430233892 4.10013811925209 3.53401815499031 4.1183520145634 4.41319560739993 3.52074561924351 3.62135839969724 4.01588583011917 3.68540557524687 3.49393422176588 3.99228133046769
"FAM162A" 7.22589960034725 6.42826121048793 6.8619140191629 6.56759895073314 6.77015948917917 7.11321513136194 7.66079446566606 7.25364430837353 7.27066874320376 7.0971967875168 7.46163802504362 6.8724019052039 7.28498656745293 7.30193995984414 7.61085382785832 7.26706620761673 7.18010478047333 7.65654647129845
"LOC100996298" 2.75144008953142 2.56871440772225 2.96799284607075 2.74758634864379 3.00017990263524 2.6573090384645 3.00594131072747 3.1306699415596 2.7422794164238 3.07823518820509 2.28788149147917 3.11116101198945 2.66766899177611 2.44159964783211 2.68220707145526 2.37177732531518 2.45705528555175 2.41665806655036
"LDLR" 3.25400522434244 3.80483061086067 3.81091703592139 4.12963829866752 3.33788683948509 6.06136345155119 4.19854589655232 4.22109219542955 4.50552658574945 3.41114976591042 3.37756049625736 3.74284024946153 3.79345040050323 3.7293692917676 3.5434257983694 4.26522454857376 3.71884876687616 4.22448308598672
"LOXL4" 3.108268043206 2.35670368615705 2.73665101596673 3.26002897985057 3.4347359123514 3.45825476051453 3.08787377563505 3.12933776068868 3.01568757613048 3.58618048351119 3.05506181874372 3.67672163614413 3.20531601374194 3.26863680040457 2.86314049637424 3.3943873622292 3.68683817569271 3.34934800391374
"CASKIN2" 3.4558279296811 3.58550227324368 4.11262258063372 4.10910587768187 3.59838908780625 3.37098756112163 4.52648633582621 4.49384428244369 4.41556362760062 3.71037720949757 4.29570669873039 3.75263003648761 3.81912758681808 4.16231298868342 4.17219294071674 3.62463178395134 4.18151629408796 4.06643306384721
"MUC1" 3.96994129068291 2.34515387704593 2.44711703013897 2.9942602046021 2.29414686192477 2.8367748437692 3.34549132924435 2.31813963389519 3.35973020264881 2.88053626141321 2.70233317110373 3.0032606806028 2.51776906132849 2.49491270245997 2.73014635596159 2.46654791375677 3.04684760188927 2.4597443308269
"C20orf166.AS1" 2.93724536386049 3.15133117062113 2.98563433414281 3.12036445635332 3.30799763432531 3.4394080939627 3.27692766285268 2.93337001527422 2.92499789807289 3.78632410980681 3.32523617401276 3.55248266024962 3.36547350848273 3.45067187489535 3.64434110832023 3.23367479982705 3.3586133572388 3.1668170624862
"ISLR2" 4.10916665343165 5.1757768591632 4.59492137350944 5.06037664812655 5.12818910092163 4.26077188269154 3.90908700921467 3.08392116614043 5.9731866274566 4.12622378889498 4.43240485111975 4.11648079390604 4.40669019077392 3.37465513857011 3.79827742328698 3.31902987723846 2.89906759852908 2.909880243356
"OR6B1" 2.64481325168149 2.0201597867765 2.61883085999708 2.59264919004016 2.37086073618787 2.63861458817547 2.5197085547597 2.67367647887209 2.33737573038578 2.58412958761683 2.60359296170733 2.36591511522556 2.03552550868945 2.2664965065598 2.08374008620253 2.08351933708852 3.09322641961454 2.36907272352707
"BBS4" 5.55414450437481 4.90187120187212 4.59551419298459 5.14750643426627 5.18482804418895 5.16159155286194 4.43433293554645 5.16804266975805 5.37255457457633 5.17230662253727 5.37896362148345 6.07266850199206 4.7361944463423 4.87394309971709 4.91498563739472 5.19719143388133 5.19613896650132 4.39683820622861
"HNRNPA0" 6.64103572862716 6.9600878695982 6.21663924851751 7.20744060212334 7.11738671582134 6.53493079701441 7.08475022320311 6.73319922008667 7.13958020067112 6.97090267126978 6.87218857785175 6.99586152997583 6.92605386348773 6.93743927199625 6.82602456637189 6.50008274853943 6.64701566158852 7.11073958747287
"VSIG1" 2.20198674861606 2.79002355706749 2.43577095424275 2.25596684072459 2.68944927435288 2.61683447996906 2.43241058061338 1.93665604127959 2.13943050986114 2.50914844525919 2.86123863876179 2.08817495560313 1.92383076426046 1.95011574617413 2.46880428270534 1.99973978617907 2.15376839458597 1.92694501545119
"BSDC1" 5.13433902903859 4.87746003342463 5.42589355661734 4.76799686805588 5.35958955202877 5.81137949798453 4.69648167846245 5.32927404906772 5.05487812220731 5.71398800482901 4.94367011524296 5.24529614589456 5.13594411547361 5.70285975167452 5.29101866894053 4.85266437792078 5.5473885162863 5.28483585496516
"LOC441601" 2.91184537846628 2.64765107503636 2.68697280208805 2.62550106083988 2.84142019827594 2.48897076358431 3.54819262348084 2.72991705306966 2.75377284883953 2.76099631170694 3.10950987064729 2.56451631142327 2.96261630412813 3.26668205005076 3.26375210062429 2.68348150391606 3.1818576879797 2.96097984896858
"KIAA0196" 4.91071187157991 5.5630416163723 5.37359506168664 5.56174383898662 4.62635837030445 5.21339961520392 5.462970663038 5.47599392865627 5.78947770513401 5.91927816073572 6.05044575745283 5.70074609070768 5.91957926035238 5.68508997502621 5.85794620765965 5.73064809914131 5.7481883365696 5.81372958931495
"N6AMT2" 4.7603046327538 4.6924988520021 4.71479550497855 5.9256700791328 5.24669920605493 4.37513591008526 4.59350021616741 4.96686568169452 5.14816299958238 4.80281013058504 5.38843650907575 5.50196899265557 4.81688277876843 4.84007320859878 4.81846568784335 4.61095330879208 4.94351038300026 4.77298197349252
"CXorf24" 2.14029319396239 3.44059381181115 3.24055370290829 2.98343987954215 3.13517594378528 3.19247529749167 2.60313888483283 2.97672743874571 2.78013401215586 3.09683051585093 3.22951447539528 3.57573184572198 2.35669760336761 2.76384144436639 2.86726007861159 2.97593709237777 2.88780417298117 3.03726175230048
"LOC400043" 2.8455126517987 2.71442695033949 3.12548653193384 2.46383494681332 2.20133724650862 2.52480012999776 2.74642606779182 2.29594040377368 2.47687018059597 2.38932855016493 3.11966718752217 3.51586046730755 2.67277154072168 2.9815241054735 2.84618863305057 2.63456916391391 2.63891165432124 3.29513950637575
"SNRNP48" 3.31940897598103 3.17394633235756 3.74018287820018 4.27405439952967 3.67974946769361 3.58828143415983 2.98203252524088 2.98722536339074 2.94448589100718 2.99180733243695 3.07060681185183 2.87779889937386 3.62780111087594 3.45313655262883 3.51602333007723 2.88718175094169 3.89155785809531 3.35033024751434
"SPATA13" 4.84062362505916 4.77818262387353 4.77527349360218 4.75668899315874 5.24285846118964 5.25404539018739 4.91590742908372 5.11068789934317 4.85256074764883 5.35172911518508 4.90899381428947 5.34278838604069 4.451979874564 4.22561409121614 4.72803814995623 6.04208266613356 4.87421975102742 4.48646058333882
"MPST" 4.69377409244643 4.85263548562137 5.05209968785187 4.44487135745302 5.43616310672701 4.40101368120121 4.47141613805339 5.46544538539349 4.75070433528589 4.61590775322865 4.67034373693429 4.52548885612837 4.91158776471139 4.82148761924793 4.96165330248049 4.98718196951454 6.15240279579636 4.49506133965815
"MGC40069" 2.17483841102937 2.71249004268852 2.67312912578613 1.82922573847966 2.11212845080695 2.23924129691262 2.33373727734244 2.34918920679456 1.89292869884756 2.07152122019254 2.55426130339406 2.65730946915574 2.06367251591115 1.90362901740428 2.17239130694229 2.48462107333779 2.76661521461829 2.25746829651158
"EXOC8" 6.07585516580061 6.47387706846764 6.24503342148351 6.96895684997942 6.80913905422101 6.04435609209833 6.2948945814606 6.79510472030815 6.64479261277653 6.70785723916537 6.72264346201271 6.5151208908518 5.83751186282187 6.95326826873081 6.18712036234777 5.9526255301091 5.89373028827671 6.7393708426685
"TLR10" 2.19479999578069 3.01656153347527 2.67364075102883 2.3443288289988 2.94098825431244 2.71756781475513 2.53942134456905 3.26987781231599 2.60769040032192 3.58225533199157 3.03213787082663 2.37810054575387 2.330431378942 2.45414035463504 2.60450640358557 2.25820742297989 2.82837360730256 2.35797237834519
"SLC25A51" 3.60544877715863 3.27096135691706 3.54790523939397 3.35876845990799 3.22002932064996 3.47072753247565 3.81837719425245 3.81753526247618 4.03796665872302 3.11147657987111 3.12131858237783 3.09091478916413 3.6192115125238 3.47359957454938 3.47121250382615 2.98891497332243 3.60929217783246 3.9273448592493
"FAM120B" 4.71296017467544 5.15741949653838 5.18882981253534 5.37202087332592 4.86613970355518 4.57752682797946 4.54026197966364 4.64504396913761 4.83990891859048 4.67428678096465 4.96672790559676 4.66700208239548 4.94944495471555 4.91821980163847 5.1724564041597 5.55377293941935 4.6955780318815 5.38652143574427
"CYFIP1" 8.22845189057696 8.44713671079415 8.23405524438482 7.73900638930412 8.04748345660992 7.41800456181208 7.42258314369521 8.071343224433 8.66399296347253 8.16493391640371 8.81122997329623 7.74439934867516 7.81997251357616 7.31104996777578 7.61255517058732 7.07394051259477 8.22956222714208 7.7978928302428
"RPS10" 9.00520724704473 9.51513820756145 8.70481027425501 8.86140104292409 8.97168300480025 8.86240180861412 9.62210772539998 8.93682973093816 8.90922325721901 9.04447216015691 8.8800311831236 8.85577719171827 8.79683494718136 9.22892184046074 8.92331008094774 9.31333297552906 9.56641115833948 8.54938278687291
"APOPT1" 5.28586920484105 5.47880860377443 5.59644100831455 5.25348800540544 5.90371815844678 5.68449734517817 6.00941741527591 5.61694550095475 5.38627937095407 5.34300734716458 5.22278005742568 5.35065910405169 4.94917177040746 5.4614826087224 5.41104366111079 6.13763526921652 5.36008964651735 5.38352412614153
"MFSD10" 5.21869179190792 6.18848739116839 6.14996569486728 5.69827221958576 5.78916623163597 5.68413213382946 5.18655880883991 5.01203780476398 5.22101161526348 6.02964981973144 5.05248970180395 4.92717909181569 5.92362693555144 4.90500950633501 5.53234621470349 4.80595464034937 5.23555958392763 5.28687145410141
"RIPPLY2" 5.34805824434006 4.4683607744932 4.37691153977797 5.50453094591563 4.69562548885843 5.30255408288547 4.78526306561037 5.31152362913462 6.05003383509988 5.04917634613539 4.61463105585434 4.91955228509664 5.79421958802856 4.8692806758267 5.01486620882909 4.91037718205379 5.11167414870694 5.3341033279026
"TANK" 4.8730059765907 4.89678701596903 4.87856906951766 4.52891201429906 4.91273564086214 4.80943019875518 4.80687060808444 4.52539956565813 4.53639568134262 4.49403329802915 5.20360256046019 5.50070556935239 4.75985567804972 4.5874340642599 5.42637273303312 5.84282367910416 4.5815625232865 4.63321197044711
"MGC27345" 4.94629109036058 4.45296261523326 4.75248130939257 4.81709995222788 5.21579974782308 4.90722511003256 5.34595975714903 4.87020068493883 4.98536585338442 4.77072287409586 4.65223252269371 5.78290532209038 4.46415865401717 4.47086253180589 4.71070201340074 4.41836317285924 4.43382453475693 4.74948382228187
"URB1" 4.08059732142001 3.05372939692406 4.09031467823806 3.67243974345989 3.58307540695144 3.46139220056253 3.7627844570783 3.8720535819011 4.0297582945701 3.46466874693234 3.67035660988251 3.58755322391333 3.34161188504318 3.71331533702004 3.43703406715962 4.51623027912137 3.29277083682284 3.28031075063527
"LOC692247" 2.6104909041212 3.26082363080659 2.86282140870585 3.1143088886658 4.04299667117391 2.7858959521354 2.55032805997058 2.77922553842554 2.30311928606561 2.82649728340583 3.63528097854223 2.88388296244665 3.28622540839654 2.57327416615244 2.54252607500912 2.69088204784842 3.47459778362639 2.6894033825613
"GLS" 4.7921810942137 4.89330472429215 4.10554776310132 4.31785796128002 4.5615330950275 4.76206823465805 4.92079249239222 4.96478796302936 4.86348999397424 4.92345302296372 5.01784492143937 5.39120912643564 5.22479592739872 4.83428837607209 4.74668443179693 4.88532852759587 4.81872527883203 5.26285702500499
"MMRN2" 2.63558002902121 3.12390145661035 2.77447260332815 2.44808421629998 2.70374410035314 2.9431614728048 2.86445109761416 2.47020053438107 3.26975039907428 2.98955385170104 3.22686035052271 2.58654629000898 2.8213441023359 2.90866096652017 2.88318527334968 2.76242778886354 2.78150517635376 2.69182670201187
"LOC728537" 3.5496919566769 2.88702123362715 3.1573674356923 2.69322931216285 3.09159007463551 2.69867336700709 2.69657049900038 2.55958299076251 3.34562763021086 3.14921125708546 3.31980335888236 2.73037091779751 3.30108636817533 2.70052256004525 3.58322154160553 3.15789107013828 2.64337007124198 3.046387907909
"MT1M" 4.71270168233677 4.5930871884118 5.50688928104217 4.74438722868959 5.21497812575551 5.01586789323709 5.01969742957757 5.85892452442618 4.07403492393946 3.84319802227777 4.80006905668708 4.60081561187724 3.51291251500259 4.88194841135445 3.56259242579864 7.01544298548277 5.14167235922811 4.30493271550697
"ATAD2B" 2.9585772825897 3.97734446517167 3.62144758852325 2.85298240223281 3.11956558285356 3.51313690955522 2.78213708174222 2.64221467963672 3.02548861454217 2.63893891944633 2.73953076137816 2.63451363280025 3.67088185738129 2.70255227830384 2.43944339778885 3.04584727152897 2.64536449235145 2.9929566683586
"SAMD14" 4.25768570159642 5.1663903800511 4.08928739484803 4.27666331493487 4.32939294843012 3.43178484412186 4.31740016425303 4.00826274966219 3.71488766338458 4.022971395687 4.29812994385309 4.05505151306841 3.54598031033983 3.5872231491774 4.17610991246768 3.55975577592386 4.51579264338884 4.17324496856275
"MAP1A" 5.59651513423316 5.1523592206227 5.43769649463034 5.61706469478282 5.1564461836213 5.28194359109225 5.42294255588485 5.51609113863803 5.71611489160817 6.97434136779544 6.19940260489794 4.90627243867945 5.79858614003872 5.15436249844905 5.43615981870986 5.59493195747775 5.66816594570144 5.53055492052013
"MOGAT3" 2.23604077226994 2.41187905612659 2.1816982578909 2.90553823626623 2.2542383704913 2.09808192310206 2.30145388846362 2.01606028729209 2.09043729029858 3.32381853373078 2.15292403474503 2.42163580053539 2.05258113870453 2.38089799834518 1.85526214160714 2.53316229515232 1.99206510953369 2.84663345396795
"LOC100506229" 2.86806209044786 2.39499447341819 2.0727389350493 2.67950273207998 2.03079259370467 2.0982817106256 2.12543601317866 2.2535007435958 2.51719466153575 1.90446413235492 2.36686899400807 2.16178602972559 2.50134487993039 2.7076486561657 2.59796603185607 2.59100897982404 2.38197409649254 2.23578293051141
"MS4A1" 2.65547321725965 2.08027690755956 1.91170937645687 2.3737644171638 2.36234199538715 2.48942922427382 2.12571224550881 1.81814651380704 1.84734770235928 1.98342528976281 1.90572417561048 2.08749075050468 2.11366697481275 2.14989270501747 2.27720211457773 2.1841404414417 2.36848887861381 2.04186977535637
"KXD1" 3.70567592923091 3.97189633254257 3.57953025085565 4.00924548436527 3.62260682372351 3.4373847310354 3.62640380770837 3.88386591428629 3.76551044746049 3.95270789480169 3.4823513134338 3.39086670146114 3.9467268656855 4.41599361790628 4.09011047238826 4.42423640897757 3.77755097007513 3.50954042667446
"VMP1" 3.11291056604752 2.59610443778831 3.1635444787689 2.36882664374398 2.47594293021861 2.72719518127676 3.35973743846697 2.46107815536215 2.48386438682913 2.79459015526266 3.29478135445051 2.8021361777595 2.91077686836891 3.03332503467933 2.61388513693398 3.57126992914585 2.83190326533165 3.27750124881471
"PCIF1" 3.61871392410838 3.35163062866367 3.68381740398843 3.87582221318916 4.23005671585898 3.52683438445711 3.42131546742605 4.01724744324938 3.70235097224095 3.51488087399313 3.60898100111063 3.85538290173228 3.52728512658137 3.52480432755176 4.32356386574484 3.8600331927467 3.83344725713031 3.61659406472616
"MKKS" 6.39197253945514 5.69618829250719 6.14926636372322 6.28670493257309 6.73813863035951 6.59121664666952 6.22888609528752 5.93713871493184 6.76104073181923 6.56060920976853 6.81928357980049 6.87733823598496 7.18492185100186 7.10286679030646 6.99529385108429 6.48495875375431 6.84704452143257 6.33887194972087
"ANKRD12" 6.81878307946884 6.34933518484378 6.8152609936162 6.65369574184108 7.85647392526904 6.46357135445977 7.10902994926072 6.84467347296857 6.47586015991458 7.04670689187434 6.94547187866228 7.13731443303709 5.64051748268594 5.90740718311533 6.05310614619013 6.60029850746575 6.00809684365848 6.20835324695596
"C19orf70" 7.48731704538625 6.73550037599574 6.17936464067866 7.29755499548304 6.47958040750319 7.05998060649872 6.83499617353737 6.80873699203865 8.03573579299294 7.03145292308813 6.92392744046192 6.92965208193671 7.30087808568124 6.92766789630686 7.37298246839901 7.2006849992693 7.36293624029012 7.45727389080597
"TPRN" 3.93571418402846 4.49355944339263 4.49110943837797 4.13913273050467 4.22830501565956 3.85732398473538 4.22586694164232 4.48664194986918 3.94040537944593 4.67157656999478 4.28641024964926 4.15345380754209 4.68159553531584 4.78999319439832 4.83853599236161 4.33671605173401 4.24593881145814 4.51321078230052
"RPS6KA6" 3.41253538317499 3.9893039591277 3.65680222437072 3.95999121074466 3.86075426902203 3.93908422284759 3.63392581595595 3.39324706023663 4.10246586482275 3.48737186146464 3.8223128014864 3.36053202286215 3.58926628030408 3.28027084751968 3.46135092840515 3.7545958870573 3.47266317177286 3.58341838743616
"PARG" 6.22669340479546 5.48874402958555 5.76327525179073 5.66651104461825 5.48076068848692 5.49459195070022 5.69920117622813 6.79775150138891 5.65330946082095 6.10588804674173 5.65797135257491 5.82527213283269 5.5633942359658 5.56102051561299 6.32457092822658 5.91073523004097 5.69558428155344 6.12201492574575
"GRM2" 5.1590592337768 4.32053846230196 4.17676916679873 4.76451972476039 4.92029376979499 4.88715507191779 4.25398614854588 4.48266997955765 4.92138110610336 5.02199879540814 4.44829623367182 4.45628951031376 4.71353047668515 4.80246485519348 5.43431986795829 4.41720734882919 4.66772647573884 5.18003531950581
"GCK" 3.96600015929549 3.27111106193795 4.00103972934126 3.72081218252424 4.16519926232953 2.96205371022054 3.25436782314748 4.56399140455463 4.00073479703308 3.44332319493251 3.34360225463944 3.86572102959852 3.24414742740359 3.28498116607892 2.94906899637261 3.37639151688779 3.75994695656036 2.85310673745246
"ANKRD16" 3.85217268817965 3.67388638703414 3.02551968557184 3.96042825883193 4.08307017404561 4.11383110688003 4.30519307360656 4.4076697016356 3.63012129782986 3.85348812768991 4.63958709944532 3.94339212107933 3.91472880327667 4.13467413541365 4.03736727195233 3.7800403314641 3.40080940055539 4.04400170357393
"STXBP2" 2.88109327475266 3.72637233838692 3.46954001831976 3.06363561009109 3.35568046923289 3.10383817536516 3.29622529653166 3.27505006154768 2.89427345384274 3.31999003179924 3.37744548306219 3.00357608827488 4.2455343588644 3.16371433240101 3.87738086481838 3.47638664833657 4.07331039253756 3.82980068336603
"SLC30A3" 6.92771947269014 6.60668112953379 6.75369339730653 6.98630195727068 6.9899996669847 6.7291699498032 6.78966256236098 7.22978333223043 6.80987093165774 7.36623790215091 7.29100130373195 6.45690069609859 7.04972143535002 6.93792394920551 6.78756031127269 6.24704327336379 6.93968218083252 6.787317646077
"TRMT11" 5.34684636579985 5.10804413958924 5.32510292346006 4.6691112860982 5.38443039640063 6.00578415842531 5.13546071312893 5.26319268622024 5.38283805325157 5.34249129438948 5.6485169589834 5.97169891490902 5.39724182962226 5.57289713177475 6.17358717520578 6.66514756365871 5.73012653729945 6.38605569480543
"CCDC80" 3.4493811285831 3.07962367270524 3.79018197117028 3.290261592221 3.34229516270015 3.00718275369898 2.96830693179104 3.39953175346037 2.97646509847426 3.12672027584324 2.81783174372605 3.06398890606882 3.20794579153594 2.92237336110369 2.52300015977031 2.77012999385514 2.88949573783739 2.75096145117777
"DAGLB" 3.81268802380528 3.88390946935578 3.657443614227 3.98142299548393 3.71187730121283 4.77930289022839 3.99854384297078 4.53099504333908 4.55690038674405 4.51388289141215 4.29912549838028 3.98941539338412 4.09467992012945 3.85794802633955 4.34191769959404 4.12173585497424 4.69855747879795 4.84415950693479
"ARL8A" 7.16566021973246 7.17731052901722 7.20938035105181 6.73303475534493 6.96260986172002 6.44161157626808 7.13616172103907 6.64026267159365 6.50482924769311 7.30409027349029 6.97543706186978 7.12757970516579 7.01033618007579 6.37664360627005 6.88807696064251 6.35829559432866 6.86205826946123 6.53521773936832
"G6PC2" 2.95042552749873 2.98801406839947 2.93101016943304 3.09339876239487 3.59344409251041 2.61611983786214 2.690631074464 2.55317842503237 2.87375255026093 3.013271552233 3.77463552738936 3.67633793131145 3.1676389256213 3.47710706170608 2.90852599650538 2.9232804602753 3.02738935066012 2.68488823770418
"SESN3" 3.86708797014711 3.5209724608969 3.4947927406815 3.59815959994818 3.41175705166485 4.30155955730477 4.24123948228429 3.3694882674406 3.86432810581359 3.25967661276122 3.3421885860251 3.97444907801913 3.48424365894472 4.59701242403179 3.67338808573762 3.96644934386764 3.72647327095615 4.70063800302797
"HBQ1" 3.17694894942887 5.05293813970291 3.89257859694558 4.57877100739994 5.0272918658798 4.29595750226646 4.21776674211373 3.95464666210566 4.15851939433468 3.86133056343766 3.6189508872047 4.14844762392653 4.56939471626871 5.12737758155032 3.75996275979921 4.25087877741124 4.29257600898428 3.30128874096267
"CEP44" 3.23435508101813 3.15186853406086 3.22368789053845 3.08856325460153 3.02799067383959 2.64149863537323 3.03250555176365 2.96538399880628 2.7893769967852 2.80222944391331 2.76138845130102 3.24533158612854 3.26996607096013 2.83490192751853 3.38622283892611 3.01350403461299 3.22289083881148 2.9953477637421
"GABRR2" 4.22107429485248 3.23582268984806 3.40353716107816 3.24484122126571 2.99975902672897 3.2434055218224 3.42005301934658 3.21862819233376 3.58669407644444 3.18358505481603 3.0951441572853 3.95560338509647 3.37346662341084 3.16212757691268 3.07085332648161 3.81516772426346 3.59530324554337 3.02461127187686
"ACAA2" 5.18299178436144 5.01194757725457 4.72538504156725 5.53435071634638 4.60137229022734 4.98843834241406 5.73535923642184 5.28033823880946 5.19124293418561 4.34508415538412 4.33485416756861 5.01747251553352 4.32566650548621 5.48570062996158 4.74814105212456 4.98115928443224 4.69921329238971 4.91435911700994
"IGSF10" 4.39935543752008 4.2494018547959 3.7685526266976 3.98719529663961 4.91954595219139 3.93242563881611 4.01742284197735 4.12219755549927 3.70117799050532 4.21409069260108 4.19057296165985 5.04188199541467 4.40995647526854 4.81677090300027 4.5518338761403 4.61767403158283 4.19513953318117 3.91322799823966
"LMTK2" 4.30289048537472 4.20852388289473 4.06130124599985 3.91191790813018 4.08003421416318 4.06614414668999 4.14966428891211 3.82926350016334 4.38019015201927 4.20617446551679 4.74229678539716 4.4118176965449 4.06584140337632 3.92586952339631 4.35605979870318 4.84965532759908 3.6192816467918 4.64996889036284
"OCIAD2" 6.58492014209428 6.89466100937384 6.41411236760171 6.50906338564123 7.61604611736437 6.32843660189893 6.25232357945624 6.07800697527227 6.377927217799 6.76472277991146 6.94676006850867 6.18303106589846 6.70133971076932 6.24968331075749 6.83602463346913 6.56597294464795 6.89598995631497 6.90325834132763
"CRMP1" 10.1957871190676 10.3073010398104 10.6606246219663 10.2291261853772 10.7483919821995 10.2789592598824 10.5598896380922 10.0044452734365 10.4878678756189 10.2931408719014 10.0094940020991 10.024303292199 10.0790414945541 10.3485335207888 9.83251088830484 9.43839118205919 10.1477924515475 9.00070343779142
"NEDD9" 2.72039871382225 2.71415124718882 3.10330221510161 2.57735875438613 3.53034107893502 3.43218714079517 3.99146387529705 2.65535993445805 2.83155297120916 2.8219311413613 2.90408713106886 2.74277790414676 2.71075133957024 2.86758430993548 3.08494826910647 3.24494922358527 3.01851128911512 3.10831473132271
"MANEAL" 5.50922751534963 5.58148724541159 5.62963834484611 5.91845267512605 5.81702101571048 5.55442255828935 5.46594653615804 5.15288534139038 5.6930115349771 5.70431883633641 6.05991881785908 5.66535055312997 6.05900240918413 4.69409309108463 5.46625042883895 5.04713026650988 5.37336165353592 5.81541485314299
"IFNA2" 2.08648780346974 2.85654873005819 2.14711592144312 2.53262833899882 2.29866263376116 1.90936747790752 2.7329926965185 2.33355212364585 2.21186739532798 1.89598814778033 2.00936694806078 3.11213013071853 2.26992653850973 2.18936811772347 1.88315998350752 2.05975310333553 2.47798371194572 1.90692461919229
"KIFC3" 3.5410177829842 3.2651496502435 3.61670108099451 3.50336710522803 3.50686945172927 3.42380864271463 3.35189029996535 3.52595181975464 3.68171894415082 3.33136893295675 3.52801221928385 3.69066489484205 3.930919703628 3.12785451851763 3.32869931080468 3.43568463838985 3.4143418374247 3.80446892031344
"ZNF333" 3.26770442823916 2.7558993568914 3.06627606209501 2.78034198251288 2.606535412108 3.22892512431756 2.33196228517981 3.11852677434138 3.03616436226734 2.51901866465807 2.94302553464618 2.97105907658266 2.53108289837218 2.53724402335564 2.33947139156882 2.68974566189806 2.64578666141685 2.80791960572524
"ZNF28" 2.19670747366991 2.03174052017917 2.1912000644292 2.14182659083077 2.20118500185965 1.68103265979911 2.21810640852312 1.82426507668543 2.14225515181878 2.18614595393261 1.8780968047782 1.82191877951698 1.80696133128139 2.24897307089738 2.04961746519356 2.31175771861976 2.67308883229413 2.03731255430636
"ANKRD22" 2.89433779307065 2.65461447237986 2.80718466891686 2.93649921878156 3.32714753995253 3.26715569906869 3.14892919465998 2.86587219105468 3.09408482429364 2.60674737220569 2.54751912578949 3.13731344856504 2.81186217474323 2.70602955002995 3.16702629854468 2.89136395679225 2.98053402638132 2.59992043593794
"ZFR" 6.40781578029842 6.7295752948047 6.00239602390511 7.29174377599614 6.77201959570781 6.9763508704605 6.61516561676068 6.6026741061888 6.98663940937864 7.57601902135294 6.94449064951046 6.78151883414464 6.59562417870344 6.83644915320676 6.54466265436625 6.81191416929985 7.48810355622168 7.1864264601402
"TRIM33" 5.66001256297089 6.18295044622883 5.83807141462893 5.71014467128661 5.69009065299862 6.04048240730263 5.6323482868928 5.99743370488815 6.36462826719061 6.92932181053127 5.67649669734374 5.40996623243896 5.87317106274969 5.65607353884323 5.88067993075581 5.73516203654505 6.02561913156939 5.91257848394033
"RIMS3" 6.18987458276844 5.60851139662016 6.00013062743416 5.38831645063757 5.81389107476349 5.82129058421374 6.52373328805701 6.1436615928913 5.81044067974419 6.28898883632157 5.64415560770357 6.18569763619025 5.88407785815708 6.53037849858059 5.96635011069857 5.9439471623381 5.84691653125679 5.78568520960979
"ZNF595" 2.83437529115687 2.12809621877092 2.78833276116626 1.91866508696577 2.67697891738572 2.54407385029039 3.14689149627916 2.29090268838125 2.36230645994001 2.46550279365757 2.2458771144634 2.79498677230126 2.4668998690485 2.5695144006583 2.2557367773206 2.47604868485469 2.33532635925447 2.38714285519563
"PML" 3.08161335687919 3.83304902366959 3.29302525053772 3.13696586331239 3.03372337287383 3.34340584174129 3.65703892363652 3.17831454778074 3.35792031784154 3.13496787264651 3.01846516971353 2.98224620650523 2.86269353002406 3.46971472456355 2.88586385015043 2.94427119210672 3.29240838291282 3.12982425555927
"MED27" 5.27962164853775 5.15792440135504 5.39062892842947 6.25155936046528 5.14863649095474 6.64593958651533 5.51685117569259 5.29079483777839 5.2417213188536 5.61406643175483 6.12537917150065 5.41243823734016 5.51439048055927 5.50152652015213 5.74407540386129 5.09126507244422 5.60976262867273 5.60807195046422
"PARP14" 4.05034118337773 3.51611707834094 3.44677632565669 2.9887169001293 3.45090366258782 3.25965839872323 3.31381851455798 3.46951238478154 2.80307300578215 3.03186266338949 3.54359741062097 3.31499826357819 2.9599588709703 3.21357194581512 3.13685978910878 3.46164862456625 3.40749782937435 3.23737578542403
"ZNF700" 3.20187009253507 3.74163368348237 3.5018385268156 2.96275390826246 3.76452123240125 4.02816839006991 3.42178597193534 3.37148023885334 3.26628916399827 3.35182711947127 3.54074562623618 3.29337557507672 3.59572229107989 3.03158875542067 3.37675293702165 3.18486576865253 3.01446391058422 2.93251704100946
"PLXNA1" 6.53745624206835 7.16785620593995 7.68024037341487 7.04847544577658 7.58781171307871 6.62212907428983 7.27938751159333 6.45184706091901 6.94750091432282 6.86897972558678 6.71038460063567 6.48971232574156 6.89830320411373 6.51301024847708 7.05605215060385 6.75413139119134 7.23947478640485 5.91996275687243
"CBLL1" 4.34771608954398 4.10470384398542 4.01378167521072 3.88708622711436 3.96178367903435 4.0866774206176 4.0521853284043 4.18868740590323 3.99442078960873 3.89498881417205 4.25211747907618 3.83825875403189 3.90049617141746 4.37390802614155 3.91291745544033 3.95373322292439 4.35406916325479 4.15208245467272
"ERG" 2.33840517073977 2.88349315025085 3.31756364732097 2.24782146107835 2.32926450026762 2.24882366446648 2.28447355722693 2.31105479764799 2.36480459876873 2.47618534860007 2.72764562100604 2.32883346076294 3.18095858604734 2.45635828705285 2.93025787740557 3.18749041941333 2.48180970557266 2.7788616522005
"ZBTB6" 2.82516364069429 3.13574869452049 2.5893833193043 2.69153315912252 2.67681270865933 2.81501299621415 3.09222170230076 2.95489462297596 2.76723067578762 2.75413075704188 2.75281040351238 2.64646886877322 2.15766909999406 2.41191671553083 2.7452688325108 2.43347874408668 2.58075699488955 2.42663467083128
"DVL2" 4.77945390328434 3.55807282082868 4.77098107373382 4.95014612806621 4.79292804476704 4.11877772311758 4.38411431615134 5.18934803338857 4.60052480819127 4.40459437260868 3.92328801536569 4.31720767665149 3.9570769892529 4.42110733245355 4.04559245695233 4.11923560651541 4.10167827468103 4.81966608580764
"ZNF626" 3.63665294419424 3.38547971275314 3.49954971858981 3.39727535024557 3.45846448351257 3.48044305634605 3.38045257310656 2.90897902662543 3.28509876352922 3.99022621548441 3.35413094200546 3.22685747046779 3.31731637412821 3.61679544310143 3.27271254243218 3.60296652317029 3.13306968227684 3.29349213479742
"ZSCAN2" 2.80134406874785 3.41143931523848 3.14167435573403 3.21250105345672 3.91775092205638 3.37082363856897 2.89409909371577 3.38243485292644 3.37885141278771 3.44021376007645 3.27707675900296 2.70750892989571 4.44843757116021 2.82969132519382 2.81551332889936 3.50919432185767 2.6541413383385 3.64872107253139
"DOT1L" 3.02276594352461 4.08584453252942 3.97380189085897 3.23743394656247 3.26478730101492 3.68169455716058 2.89467783382644 3.11525038066625 3.04109220111364 3.55788832662332 3.12266316563789 3.48976287932455 3.30074803166797 3.01223031687632 3.16916302413849 2.94591185058345 3.09023426161086 3.56222336290889
"CUL4B" 4.69633376476244 4.9101211115564 4.5469326007253 5.06107814371792 4.7436917006695 6.03865960534421 5.41661275481133 4.7438445362733 5.38223712826704 5.13093545071093 5.45088340182301 5.06815210751183 4.77146300672362 4.81827625127943 5.15508181860562 5.88257019597244 4.75908185717082 5.35094448808233
"TRIM14" 3.95193077247966 3.21743400062684 3.39680116496874 3.15035266358073 4.23627241083106 3.13945824080564 3.09670494766663 3.69991489766361 2.99358943298969 3.04498570163252 3.59571070735444 3.62343533150422 4.29973470573794 3.93553556278281 4.08705278920006 3.68743978481282 3.37575022389413 4.11682799790879
"ZNF527" 3.07336291974027 2.8832310441515 2.64865016941544 2.82705831115887 2.9248926634202 2.73777393566761 3.35718359083025 2.9073905669959 2.51990710115212 3.20605504971144 4.30683182623134 3.26868148129907 2.85359504429303 2.5610955179845 2.63978619120957 2.92323037942086 2.62947037300261 2.86780967080312
"SIRT6" 4.24814660399135 3.96484855276204 4.50937139593492 4.42888608813898 4.32308707359277 4.08315180606876 4.43522616525031 4.51971670862971 3.98576334332435 5.32931724415553 4.24108559137152 3.99525454235797 4.36980251858312 4.08462807326828 4.09190161956235 4.59884627148897 3.89033889763012 4.50233994144374
"DZIP1L" 2.97457513149869 3.74255615012095 2.84977383048749 2.63918759070017 3.19367532043129 2.84470675015302 3.07260294916943 2.92879624630685 2.9926077073368 3.25600948383391 2.8131481391186 3.28565561403794 3.37964196408557 4.29307254257138 3.77414819123892 3.20188858796402 2.95108553067385 3.73107437771041
"GAS7" 7.28405588931116 6.68458824387597 5.95972975455036 7.01000177956625 6.69804213272605 7.96507039299588 7.31362691656788 7.19498488514488 7.40163658315586 7.84407480557195 8.26452692497631 7.94261275452931 8.13597380500124 7.83962665173126 7.79243162640179 7.35153163613746 7.88794462147187 8.28340306916443
"ZNF264" 4.55353931208003 5.03190676929513 4.85809702543817 4.56603996030666 5.21103307834154 4.85783499908726 5.22884155090986 4.54964147398443 4.59630281144671 4.58283156343006 4.6650552812465 4.70128956546586 4.93727808706451 4.56657408298959 4.89063192579606 4.55612871143389 4.43496249653985 5.19132217046547
"ESX1" 2.25797776977853 2.20035955489785 2.0702613060727 2.45801871434866 2.28870602533368 2.23439125182297 3.00570494761512 2.07164432218687 2.30300489515544 2.24309212702759 2.31033691146027 2.21001934519962 2.99562158819806 2.5571012936538 2.47996653780827 2.15909416779243 2.30835881794816 2.20309924567217
"TFE3" 5.93505488902709 6.29071561628002 6.23402412661569 6.64908621309717 6.04310793146627 6.05483269075804 6.10989613772651 6.79645400585394 6.36924122941347 6.33514111430929 6.43134023440539 6.60080187771676 6.69179087301498 6.94231132139929 6.40970450042392 6.60566781467299 6.65697314568792 6.44292865389919
"ZNF175" 5.00678137199306 5.61347819231284 5.68177610197572 5.16137473248332 5.32933101231995 5.37119254260584 4.99605579692034 5.03145659618885 5.58854949138402 5.13537436714018 5.27578970096464 5.02398683653852 4.91987789665769 5.11662388283351 5.0202379455889 5.21628200867833 6.178453023018 5.61739713892263
"ASH1L" 6.06265368044901 5.96299233537932 6.73444337365398 5.96879447561362 6.32504671778312 6.06815606229289 6.09642159741178 6.4527206484545 6.59784751913065 6.17938127643357 6.28696053362094 6.33420641310401 6.52466972063492 6.77445175072724 7.01614493197113 7.22020425397091 7.37868538559384 6.41873091452885
"TRIM22" 3.84918922048388 4.99262700491916 4.87066822225397 3.76181518913979 5.72080893849632 3.43977918295056 4.39952462286332 3.97762993318654 4.33563846163976 4.50784915055293 4.45915069396803 4.06485449371638 4.51745190844864 3.72164523631361 4.50807281433173 3.91934007248371 5.03111135314409 4.07567403754196
"GLIS2" 4.69336548486794 5.16094148441586 4.8121487532046 4.60981400357735 5.57246102157881 4.84701445160206 4.57543061236115 5.2118001753302 4.67512823427567 4.89044338557337 4.07491356850784 5.46989932303689 4.32794548453857 4.3971426077823 4.38641513371546 4.42148511624977 4.26535287064298 4.17371780768211
"ZNF121" 6.89120987658425 7.09869175657921 7.27277250012384 7.36324450041088 7.88277340043188 7.24796572647833 6.73870307023001 6.75409428778349 7.0330796095028 6.5161782057519 6.61759761807247 6.61108953944326 6.11701516209922 6.85913472390314 6.8813005627974 6.44282751503884 6.12351285794182 6.44277566347149
"MYBBP1A" 3.51023041853765 3.03905700350403 3.62559694410603 3.56030477598902 3.37763370891446 3.44330573173714 3.58669253050259 3.36880296987483 4.06348948838173 4.39926297045474 3.3424275433937 3.93762613809617 3.93414858162201 3.6968197665922 3.87544104551969 3.41981770106608 3.9624890413505 4.09047689700376
"OTP" 2.44135492583108 2.10635802369779 2.14305593601515 2.34202053369984 2.00988178091795 2.00862590851009 2.1415870521733 2.48018539620021 1.97355976167498 2.57362924451227 2.33024682513807 2.26918384954024 2.3226984895992 2.2146838939476 2.48612263197922 2.28718722203381 2.12663325366507 2.8635981447322
"TULP3" 4.38670539378522 4.94078225344331 4.71829026198286 4.49253545964969 4.49689894156314 4.91144512837638 5.51440514184725 4.74241530094659 4.09228475625161 4.75469668344314 4.29973490122131 4.652816736144 4.50096080058518 4.3582425898976 4.89175338891708 4.56533704240073 5.02142698283436 4.06120768462504
"EBF3" 2.43335996819762 2.03870467387098 2.4434333832994 2.75330482689799 2.97064141418585 2.34922793516998 2.52888581940818 2.67698275529346 2.45713733714632 2.27646217028136 2.10723380565335 2.63307056519845 2.63451024303155 2.68998750417774 2.2987560520936 2.22981099957424 2.32542569635165 2.26213891383283
"EZH1" 4.26570546633684 4.39020331012206 4.25352149965077 4.18506439879505 4.49595119020964 4.54660105090919 4.02537006412219 4.82339204020849 4.51626558164417 4.57835511545304 4.15500309667715 4.80828886630595 5.32362450431861 4.0570861742996 5.03377440870866 4.93965800067769 4.18769446454821 4.50462998218094
"DMAP1" 5.67473325907603 5.71836340496227 5.39533896392932 5.75167664568209 6.41963559755155 5.86712332428383 5.41089573775514 5.05168047244729 5.97583758297567 6.37900905273054 6.11896377506471 5.38911720486402 6.30514339191757 5.96006533902854 5.95268944365898 6.24981467853234 6.00893025903921 6.4066863720102
"MYNN" 3.50403941145615 2.80571318915911 2.82761872216567 3.02487437203964 3.02576968545017 3.92027967263228 3.25445576531924 3.23459033713091 3.18065292091798 3.08706879267976 3.55075524146262 3.13820805491738 3.28079494296976 3.25766740072104 3.01263201808925 3.08513023991791 2.85515953185617 3.64770183746531
"GMEB1" 3.59511756371055 3.95580959808023 3.89066642945922 3.68044036916082 3.65518795485625 3.8946265551019 3.66680727726211 3.88165680245721 3.70453323614026 3.81901704137215 3.80128436010413 3.71798404620983 4.32571862392799 3.51775456001323 3.42857902449929 3.42347929485061 3.15075784576611 3.55254714907128
"ZNF622" 5.37598175695267 6.19750591624805 4.88393742807637 5.37343867488886 5.46927930331675 6.0843269342043 5.75437680500689 5.21077360044514 5.98592423460202 5.63242374924302 5.62789380687953 5.79493082771073 6.12489012897486 5.63546897706907 6.39859782878306 5.52993184828308 5.82511897568861 6.23658050745158
"MGMT" 3.15617630567708 3.33657088446705 3.27854856905128 3.57665927607271 5.15613788334599 3.29183847146474 4.03127595099165 3.96502796421751 4.27646997357199 3.51728308513056 3.29471139057578 4.05874167850106 3.96935768693544 3.61575324209474 4.14137709185348 4.17091170634167 3.84816995275473 4.4593676932501
"FRY" 6.03022148362872 5.62540985535624 4.9646317826445 5.07576704161346 6.39539741410062 5.05526800760996 4.88038436031724 5.62752690745353 5.10799523447475 5.61076682535872 5.55065087160415 5.44132982704371 5.71487151934465 4.96831509478025 5.47619098295191 4.96106153179282 5.13478706881994 5.13773796629566
"EGLN3" 3.0955964008448 2.88024892518628 3.7054337485173 2.91982541681454 2.50673047087428 3.05340708466578 2.74486861922219 3.24693477636618 2.94581140040169 2.86502975506861 3.08612874578174 3.17626542048193 2.66083741369767 3.05736958300104 2.34757356577363 3.06638615565171 3.10996486406434 3.4326301705394
"SAP30" 3.42366174885759 3.96233908115717 4.95539566437393 4.69056328191121 3.91325519743145 4.1258005910337 3.81304600071751 4.65463957401836 4.33389625532952 4.48292430669309 4.02098523210135 3.9254479068034 4.35891805041764 4.43007309463102 4.09754579626891 4.20840752078925 4.48773903762855 4.67030685641379
"ZNF207" 5.53462350521732 6.18399251888815 6.47636910245814 5.51620513322148 5.62011007016566 5.36017031212079 5.82403683429856 5.69892750989322 5.42788713309145 4.94187050967491 5.32580505907707 5.5525556610065 5.47504713556241 5.19233281424668 5.65214701795181 5.90854157781152 5.08007612229605 6.12677444524009
"ZNF404" 2.3662437647541 2.66688936989377 3.50811252490885 3.89166405382354 2.44844775515867 3.81669014622609 2.7285469782306 3.1194801752555 3.45118132918284 2.63835357207245 2.49684420392528 3.21000617890024 2.41878696937279 2.74244937556329 2.09669810684685 3.01156129399141 2.73141119558433 2.67140533817729
"CHD6" 3.45356907851416 3.56833711403526 3.72970905643945 3.21481447788262 3.89765667535372 3.86585264576117 4.41348107579599 3.95433954964383 4.06478670585839 3.8076836936383 3.54673863338522 3.89299414869919 4.10392759239953 3.58209143763975 3.42615671418929 3.58491633213967 3.82803598668791 4.15873589683913
"SUV420H1" 6.82575064794797 6.35758161859094 6.40579757265798 6.2150865248486 7.58252863940211 6.6607765963583 6.00681149307585 6.86363387376535 6.29529405220344 6.27636695787692 5.96369159626716 6.36857150983402 6.19176794582346 5.51054734190081 6.12790354896392 5.73293803507758 5.74988483934276 6.27585443013795
"ZNF551" 3.27017323860608 3.72233128232934 3.26129840591245 3.2266865481423 4.20671627316363 2.67614805682386 3.35695606646216 3.05754204478535 2.85241159142285 3.40429244089248 3.34513485136042 3.12926682267035 3.99935917609218 3.17763661448397 3.29494740812346 3.00945035676282 3.65868811066443 4.12324081994063
"POLR1A" 3.79582963248322 4.06021971723479 3.46095098457289 3.66199500630709 3.59809911891845 3.69966010078924 4.20492214613482 3.7163288046905 3.56950520796715 3.29052955545381 5.03816448118081 4.00453746895222 3.86896771015688 3.31563232990025 4.00536369499655 3.44067570137894 3.71975741109173 3.75411490545698
"SF3A3" 5.21402977897529 4.88521608067742 5.62116703005886 5.47297758424136 5.02156056369502 4.6949961265709 5.49302224667017 5.61033212509895 5.06817775747124 5.15964359556169 4.9265732594769 4.96641111719216 5.05823762360408 4.92776960808198 4.94128314799962 4.6145553902699 5.29619914614366 5.25173067357777
"HNRNPR" 7.03370827914959 7.49822508524255 7.09807550081348 6.96217581849786 7.4652361994557 7.63799075836835 6.67324434517895 7.17735701735988 7.10252573259751 7.12622389929316 6.87477228209202 6.95797962074155 6.62221322328703 7.09372166205263 6.68268311465007 6.6228231775412 6.59038989278926 6.98237649904369
"ZNF385D" 5.67142450570925 5.96483424434004 4.76938905322059 6.22576053202272 5.87058819098643 6.12019344610625 5.57806126234186 5.78111182590506 5.47817405418776 5.85265516553972 5.61738350647654 6.38112453227012 6.49333026680531 5.78563666388522 5.34969963652127 6.07523343935539 5.86562088069648 6.31910026040517
"ZNF584" 3.87110144715845 4.28810309354378 3.84063625814371 4.08034662328906 4.82451725307907 5.08778726459862 3.94016209133383 4.08502118403976 4.81545479054312 4.18879090731118 4.25228944210295 3.68769253614122 4.18925563159373 4.66593749316417 4.80424965291037 4.00410334998768 5.17231827721367 4.03093232133568
"KLF13" 6.86806454047086 7.2339001760117 7.67650866214978 7.12350865942469 5.90650342616279 7.73380420030082 7.4285257395874 6.83498758585491 7.08988909258768 6.99655160349749 7.0165811931751 6.85151638982978 7.17845925575102 7.0342879416851 7.10879116945946 6.65081406122696 7.28889045087289 7.4110151729794
"ZNF552" 2.56265543292887 3.22939569034472 3.06558302599958 2.73140849365938 3.53632148126231 2.84255506573551 2.90973417766272 2.88911306603926 3.87968872238519 3.74480319857515 2.96575581256284 3.14381284339295 3.53625090944438 3.38629809512651 3.6676282332154 3.58580769861116 2.9152233745908 2.95601040014897
"SALL2" 6.67173390459342 7.52773894388824 6.89748094022684 7.68035708905667 7.15437257880562 6.81257445866441 7.44540500382372 7.19803178001637 6.46014268121407 6.77162581386709 6.74744233860037 6.47542662010735 6.12111475703655 7.02548618671237 5.94092183465037 6.51856967008749 7.60611629880476 6.21695719628109
"MTDH" 6.78536616192006 6.00142109288038 6.3185004953784 6.14500762740534 6.07465606755059 6.32166121721173 6.34794075196355 6.13062529371776 5.96821395373774 6.23900629577282 6.61342839725244 6.09037679610103 6.14398171513098 6.57412348407964 6.35181738420773 6.01846142393472 6.20664752727885 6.81420012853724
"PKNOX1" 4.25795697342824 4.06551558558445 4.41985497147903 3.90696543906463 4.17090487474417 5.02379769418943 3.87049946620441 3.97557076648607 4.19355874505786 4.52233725664947 3.91843903654685 4.42533963335881 4.15307620265188 3.64761655831367 3.87930608907467 3.69507808723877 4.09562464376688 4.16891461970423
"ATF6B" 3.05461182301456 3.03890413042817 2.97073825232392 3.11771939999501 3.4261995817834 2.8152661722989 2.66043098556184 2.7768188205391 3.10007885669743 2.93657334635158 2.59154185279008 2.50155125031033 2.73784753249536 3.0296190461917 2.69436904611322 3.04883461158769 2.83025297466763 2.71989833698872
"ETV5" 4.88564208836974 5.06365114553938 5.12676067195375 5.75837842535906 5.25307956788564 5.36349510565334 5.58437941412248 5.77919019724791 5.33679491435926 5.9630198249749 5.91376333060936 5.91863305829596 5.70017537443237 5.48583959140691 5.7969642311356 5.71251321005931 5.32442504209109 5.98988516328422
"PEG3" 9.08681265614148 8.30615456225567 8.23980569865973 8.85867350651943 7.97747026982186 9.18471159230593 9.00316009187475 8.49743577455782 8.79238923055221 8.90327409628425 8.91376265010278 8.81699321952887 9.41575605495428 9.24442089995006 9.11732568890311 8.92707199975625 9.23342826601371 9.3311823614816
"ZNF398" 5.30803714828263 5.24805316425894 4.95364876912597 4.60513160242995 4.76227825503752 4.64861948050115 4.96116291137505 5.24340466827588 5.35563129818344 4.55290518992448 5.14280392735035 4.87528679375272 5.01257560313285 4.80459184851105 4.65318961710892 4.54721048395709 4.26328787135585 5.45944218397124
"ZNF610" 4.45005286969729 3.70212568603777 4.30015116882373 4.84451683832573 4.67269824725632 4.20877550220536 3.78874077116129 5.03301089651119 3.29788283826678 4.23968379560772 4.03855058483639 3.72660170312008 3.19051447464417 3.79479257344933 3.75353626727757 4.34780014572587 4.15787817424487 3.67838930705813
"SETDB2" 2.70567553472117 2.76752442262451 2.48142370774248 2.70384718619094 3.21166329892297 2.68082198943358 2.80726205558503 3.04822723020441 2.49917313061194 3.63628819723104 3.36728504456133 2.58061107961798 2.39897479288786 2.58513916848632 2.48008077684762 2.50128434808647 2.5464765367437 3.01877206337522
"SOX8" 6.66895131009539 6.70146841446503 7.59167415238086 7.15174039920217 6.17736175547499 6.42546044124017 7.35051044731657 6.43915390257493 7.94548326705247 6.38362016934 6.88303546309593 7.66913673335521 6.92513214888558 6.400542901662 7.86144721953383 6.6798165253621 6.90464493453276 6.83301727545865
"YOD1" 4.10113791351361 3.37515307980919 3.49828816807441 4.00394008478589 3.66647881703848 4.50482396110516 3.63322830587376 4.57750011572066 3.85345031742011 3.82305362791672 4.10336483428754 3.79631666110645 3.40138994706589 4.07349444515752 4.29170553774527 4.04541369780675 3.90434243015182 4.18977819501519
"SLC22A4" 2.70767630410342 3.62826325626921 3.51332545828778 3.1374069556229 3.64841150833646 2.2365534356966 3.34588669903351 2.60300761948583 2.429170076831 2.47092323737601 3.22242490680092 2.49753101254876 2.43324504809689 2.6578506746201 2.75222138999028 2.97133037753862 3.14115232394507 3.34095751425632
"DLX1" 5.72299151685722 5.50885262778989 4.99018173288884 5.86710974331756 5.94721189753908 5.0016155760167 5.68765332758008 5.53439468965392 5.1348570407694 5.26454844101806 5.21135721666403 5.72686549455882 6.32202170642061 5.88166862004975 5.20112571860385 5.34583711144906 5.04973740561093 5.24310371088673
"ZNF239" 4.50679426575542 5.3207270474163 5.02626248869055 4.30369697755242 4.37213603511881 5.61622329774141 5.38154491254379 4.72606140998663 4.76858023807185 5.08107029338286 5.59062691482031 4.94231647365401 4.64549927069296 5.51136495239988 5.0603571977153 4.69523518601272 4.86418243750246 5.09662155332066
"ZDHHC1" 2.37157653073437 2.89716065538752 2.54487753417065 2.3030134818693 2.73370787952153 2.35892316299095 2.70409408425985 2.53747378988991 2.73231217663229 3.22171178325193 2.63240977931725 2.37964061154919 2.90928267503189 3.34234427693948 2.47514742177388 2.49610233020286 2.17993630348975 2.60597091685083
"ZNF236" 3.48787117047364 3.8860094799128 3.99555848504171 4.11014852380392 4.12938015601511 3.78234819553627 4.35091413196044 3.73362403978174 3.48040377781854 3.87927664590974 3.88032621343155 3.31236495170238 4.18308262125481 3.58373340752559 3.79239150984021 3.7781942365518 3.47789481089679 3.92497655775761
"ZMYM6" 3.07728269587663 2.56969903560807 2.88618810929464 2.37356135750814 2.90813699050458 2.64268617742364 2.99598142730373 2.40359118890503 2.44921664200555 3.29311731627065 2.93495685271084 2.82873270253151 2.48031708839181 2.75621293887729 2.28251866975622 2.64648284967258 2.4941925232579 2.65304976362435
"ZNF704" 5.16265175827246 5.28489632667933 5.17170813582978 5.16810442765433 4.78013502663068 5.11516896013331 4.8533616883703 5.14073488994929 5.40254908148065 4.69516078871872 5.08713392811135 4.74730473253997 5.27057886111067 4.63462773480681 4.49047839266297 4.68535909009832 4.2875846214424 4.83197953950081
"TAF5" 4.05246309132008 3.20215940170284 3.85488608801478 3.62398986714464 3.9575651101532 3.84942167181804 4.04521113250117 4.52699720204905 4.34996761628569 3.40738411174598 3.49864290246576 3.99679888299323 3.91099400364279 3.6265092982848 3.50093340240165 3.87451673279273 3.73643840623979 4.13154148755177
"ZNF132" 2.69199152633606 2.68895353383571 2.60974224314039 2.58636746794192 2.31460549058626 2.53938899460657 2.36904892275699 2.65245476448699 2.72792812254783 2.61212483600579 2.34288410013756 2.23667264630878 2.27166377088178 2.15524673654575 2.20055300817518 2.20012388488752 3.09006068371028 2.9964173341905
"PDE8A" 4.86048993800371 5.46875371172539 5.73652062231996 4.68971974021208 4.87143427216527 4.72769555836062 4.67984047942481 4.74695321376838 4.85109630166843 4.77347508730009 5.53904851515138 4.91980652922122 5.12440347121446 4.88311898326401 5.50551465418978 5.12618750295678 5.48139135091918 5.56320534131489
"PAPOLB" 2.51275574427171 2.62355802894864 1.961227442902 1.74175935757741 2.23497168171374 2.0574484459567 2.4668630160245 2.22914737252438 1.86227262495583 1.87948102886564 2.28889015468212 2.30340919634002 2.70215988295918 2.69836157279415 2.04803355343055 2.13653338877186 2.52695860391322 2.55231817431777
"BRD4" 6.27381092645271 6.39803207459028 7.17327601330766 6.59443974612259 6.21961694729136 5.89292924873075 6.03287827995281 5.78214935169698 6.18239267671017 6.38869104776383 5.9137333041878 6.25930594090586 6.01372474565001 5.89635367061117 6.20926705769245 5.89157413227578 6.2577396304489 6.11398612753301
"HOXA2" 2.79184736409935 2.15449359684712 1.88811519560341 2.44290203663693 2.22168731773204 2.13711949868979 2.35912700697258 2.80842629818237 2.46341205261824 1.99760907190237 2.14300377694406 2.99966409584195 2.56685291982617 2.57427334026601 2.24660522185007 1.70908438455037 2.14410360624449 2.31501542226814
"LMCD1" 3.15306863803918 2.56290642657594 2.9130944197806 2.71199601666609 3.22066070392229 2.85064432443162 2.57307175836604 2.82377713534804 3.0522217152136 2.73186497970937 2.7443945868094 2.76930369478843 2.97992420732034 2.68740678429959 3.55811739840284 3.08176471682353 3.18125330091732 3.15168861960287
"KAT6B" 4.85301611377155 4.84224118383394 4.76644678686594 4.78134749790463 5.47735289353594 4.44087612837945 5.17233609704177 5.07737446977272 4.44266290100613 4.37904031505476 4.96723070387104 5.03633545422268 4.23299449143663 5.29108557003963 4.05330836559309 4.47585809350912 4.62964603402958 4.61616183843818
"HOXD10" 2.77003562540063 2.36169811118319 2.29782111759409 2.76794741270506 2.27737262087296 2.51583496355508 2.26254646180605 2.98815545104979 2.53558116650504 2.80416929467369 2.23949398745939 2.11015068486661 2.38798428832464 3.30567188678601 3.14146854182643 2.55863970901138 3.0539168105504 2.55408908990481
"NUFIP1" 4.12089173092878 3.46621477207225 3.68081868789746 3.77962087579169 3.90994413934509 3.81933156108594 3.55945534991243 4.25310083490714 3.63752365494488 4.29118203554237 4.40752771132961 3.67941350937368 3.7803476684405 5.32807577741209 4.16564297349035 3.97122953784387 3.57587099661277 3.7496410587506
"TRIM24" 4.89960247601852 4.68830704551188 5.95596380218531 4.95117856296414 5.39350382807147 5.33302504591164 5.00208359613138 5.33785632160966 4.76455710205349 4.42604247307934 4.83377028656836 5.07187186977064 4.87613770202327 4.77068250497039 5.05771721212084 4.77068797233327 4.1208258198107 4.1750766361898
"PNRC1" 6.91257190245643 7.0630075780946 7.36722094489126 6.98170978996164 6.60156252894824 7.07795355869674 6.77029490887471 7.06413252369614 6.82043460740265 6.60490794927004 6.75416208727824 6.67893818162925 6.93971605167732 6.82183657865844 7.82040260763908 7.35144584258575 7.4571600808512 7.6977734955912
"UPF1" 4.69427673519791 5.44681983034497 5.60486929160222 6.18574936223615 6.04101923255111 5.40177265073338 5.87296434799898 5.95365170153731 5.53233000686368 5.52432748609791 6.07792234488818 5.10859304674507 5.03696858950697 5.35921566351941 5.22273019140495 4.81548390499612 5.69443004139119 5.86416928926381
"RBBP7" 7.21140144263069 7.87287976511757 8.00823466261151 7.75827303476787 7.39757162141064 8.03125761343556 7.42400667839889 8.07604823080555 7.59524489412794 7.37856292034115 8.30840122496175 8.53750810362187 7.63594895330202 7.79096575291126 7.9762577993608 7.74294969365116 8.71303032177436 8.11713617384061
"BTBD11" 3.65853230974549 3.6458596307878 3.6230398700002 3.99148690008573 4.27034331073042 4.24770736234484 4.21731153925251 4.39231094934383 3.65450529382508 4.57813262572408 3.67367881273605 3.49490389635734 4.1429964404597 3.92930633037889 4.53513673850337 3.72881846330045 4.73838426845525 4.84966864108275
"ZNF677" 3.97139332393855 3.66796080258197 4.0906305521872 4.00021317097996 3.89244121513448 3.8779966865672 3.30697636124865 3.64393353839803 2.89430948840305 3.36840937133663 2.79536447953052 3.06552088331829 3.825463309424 2.79780104828184 3.12448356824779 3.32944734198707 2.95442662191798 2.79818664973633
"ACAD8" 5.44461144619555 5.9724509147256 5.93997905932569 5.64169103269187 5.73560956551202 6.25008413215439 5.34459469182149 5.92014607729428 6.26070892903374 6.2226320011183 5.92232472204692 5.30729017815721 6.23322287302203 5.35744428130069 5.45582986724173 5.79292979980565 6.19512734534308 6.14943333796662
"BNC2" 3.49383532565663 2.77703365744636 2.33942561519136 2.79309502885009 2.63119013986617 2.38799685058041 2.86485700969989 2.29546868493661 2.93202159990635 2.60630285430019 2.63036969992761 2.39293157009061 2.48115800083709 3.00611424473635 2.82287461960805 2.98968903813337 2.3940010114156 2.40797349281443
"SMAD4" 3.21672124690569 3.44919394680588 3.91883772509343 3.32572228899289 3.48051367359045 3.75239285450619 3.40419423560696 4.28541826657185 3.51425591806851 3.58770053814001 3.75691986447432 3.81944486099536 3.93608855478215 3.27837876992287 3.7326395061809 3.2509745171315 3.56112350293552 3.28676172423127
"RNF41" 4.60810173080611 4.39954810125261 4.77540936548165 4.59666670853003 4.93153346067673 4.68392929244043 4.8367541082606 4.79480617976193 4.84068456448516 4.64623863036968 4.57609933964832 4.86990985889312 5.67469419914489 5.0151206238152 5.05480306250371 4.55891124140902 4.95172291193541 4.98976568939795
"SNRNP70" 6.26794005415804 5.57049006141739 4.97566775261749 5.68664900552664 5.63484501339799 5.4122062509071 4.92238331119429 5.77010482483763 4.99867582241589 5.46276121071415 5.03009312971763 5.38531200008215 5.03946937795598 5.08607694451107 4.81453150285225 4.9612791784051 5.23766125670148 5.07154213547779
"ZBTB47" 5.9131247031335 5.23874450986696 5.35851890623835 5.54633089872075 5.29297653071112 4.90210341842051 6.00413558472583 6.13913881786451 5.43620581799787 5.24948082233084 5.16077900855272 4.87674167214379 5.25127331259386 5.72037065489348 5.19274809944106 5.32385938799972 5.36198187497062 6.08090844927752
"GTF2IRD2" 3.94136361443795 4.42524080770125 3.16246113143001 4.36004987995744 4.0695942812955 4.44104048505029 4.30784681133779 4.75822277628322 4.84118498521052 4.28200961181789 3.88809172675334 3.81208334861692 4.63253123761176 3.96560379540744 4.85423618419536 4.55490916593781 4.35141506763663 3.33779254422242
"YAP1" 4.00475271790322 4.10774905923119 3.89613721055742 3.27928059099395 4.85912307104612 3.65887750451522 4.35873864619095 3.98328008566194 3.48769968886916 2.77226742898386 3.81737927275258 3.29213393310384 3.9942716280596 3.35266257768621 2.77744597617864 3.98745405339135 3.85036491166512 3.68346603510974
"ZNF100" 2.54329225724838 2.43128072994693 2.86860805384812 2.83138420488745 2.4141750276708 2.61250575434417 2.5627065280478 2.72261964416294 2.80960932886737 2.85567433515531 2.75844574766448 2.62766415690344 2.39109675105551 3.00641464152661 2.39484070486736 2.88512112268597 2.26483157934402 2.87107260323239
"NAA15" 3.5428535645191 3.78502298591982 3.74310787085851 3.77328138411069 3.82928794102625 3.97403160895396 3.32335891241662 3.3585075641344 3.29903472327616 3.88839394492403 4.53840976302646 3.46358237656202 3.871807709173 3.37443265716176 3.93097298750309 3.46148222479115 3.209943525054 3.49743960518408
"ZNF180" 4.28653060740067 3.39451500646582 3.88233077717848 3.01236917243239 3.51337524047371 3.20871918676166 3.75113306112311 4.32594848598505 4.26964153107785 3.66279441191733 4.17141132846047 3.6607939258733 3.38966841760178 3.08245645983895 3.10166513587923 3.33206213675726 3.32940357318534 3.04382753071962
"TCEAL2" 9.48066998414754 9.1217409225369 9.20428089665429 9.33471557726414 9.71615748003877 9.06616816888248 9.56963710903126 9.13701826632028 9.97656976304251 9.35737126164718 9.33895725774175 9.26182346763155 9.51063892026832 9.11959028398888 9.34007220011506 9.95470557104202 9.57608292337111 9.48805261122857
"ANKRD2" 2.50068824680004 3.20895096790751 3.26483241539962 2.89120074935021 3.20716647159504 2.69750167310878 3.63004425133286 3.01882942039175 2.8848545065803 3.16159191793468 2.6552442074944 3.19411121426287 3.04829183546781 3.32732101641677 3.35263022027358 4.49646207221145 2.96284042756377 2.88018268813253
"RBM7" 4.04239606474259 3.86720050972666 3.98688277592809 3.64599675040373 3.69189578171405 4.01556720004838 3.72274751644071 5.32843017195036 3.67985552618521 3.78788819832917 3.81730181711366 3.94442093981835 3.83144681890099 3.67352701257266 3.79429996475263 4.10219087386236 3.76735011465497 3.99374164665933
"CSRNP3" 7.91683049337539 7.59381475154164 7.11293181676507 8.63128988478333 7.63634351278681 7.27559223790511 7.6514061509666 7.08724413373045 6.94861448508051 6.86968668985338 7.57233046942901 7.24926206754616 6.87163093436551 7.43332989207758 7.01499011970958 7.78358732344719 7.14792819979903 6.90075623103747
"NKRF" 6.60739646324742 6.87506433064646 6.5533705314467 6.65952447997031 6.71147918961459 8.16268718155076 6.74848079335776 7.27599070554981 6.68774506703821 6.71982059165328 6.83349569958458 6.44549503923725 6.57857033120997 6.8158322087401 6.74848204816304 6.58063361946503 7.34416534723202 7.42599897420416
"ZNF581" 4.28991129668471 4.06928109131305 4.38057549695878 4.22798488925664 3.95922680719758 4.35056659155775 4.12087397544526 3.52502588381049 4.2276112511663 3.80767423103294 4.07781181688778 4.12585636660657 4.4144587796422 3.51028333141052 4.12637491683863 4.07012391110486 4.24418305225334 3.99531091933152
"TRIM21" 2.91064696260085 2.65254700340614 2.55686542912465 2.32977996867354 2.91629015653163 2.47718086507256 2.65325240328284 2.9557869301463 3.89813152793105 2.66766869451047 2.825514733553 2.78573300883148 2.73244299786364 2.81917552414544 3.08619238996134 3.10037210752726 3.27062068207009 3.35432275765096
"ARHGAP35" 5.79147053957738 6.71765222448211 6.68056266233775 7.06379930113873 6.26577640201563 5.82273738347443 5.95761505591975 5.94320364681609 5.9791928447834 6.40323366721708 6.15646025787191 5.81490023460666 5.72762996505462 5.37210874004521 5.57187868304051 6.22069173654682 5.83104840784618 5.50071728002291
"ZNF124" 2.85687392242451 2.67095452056278 3.38477059930947 3.46366426277607 3.59113317936646 3.18897246937294 3.39168399350387 3.43110928084591 2.22828028211758 3.13093147677332 2.63515605626445 3.1682262325427 2.70946861262493 2.83394151844836 2.67208071217265 2.66267887814911 3.27609086794867 2.93441082335868
"RAD54B" 2.75515633500003 3.28447330218128 3.56506385143065 3.81788895521666 2.83595701098694 4.55604303630433 2.93763014696703 3.63300989481655 3.43293058230306 3.44808771715186 3.59173601966746 3.81789967808202 2.9329300653519 3.89761658404843 3.31276708122573 3.34772710558621 3.56760368333327 3.70892703810089
"NOTCH3" 4.19708735609545 4.8368076698239 5.10619741766142 4.32635242373862 4.09686577746512 3.81047503108344 3.9351816484783 5.00953158469055 4.4033475065274 4.35324622761106 3.83233928692429 4.70827942824863 4.06840026414238 4.17245305407649 4.51064195366194 4.62606055694579 4.81725821403315 4.53774039652594
"CEBPB" 5.65333447674052 5.48549318388315 6.85603698194942 5.66157859416841 5.36037253220602 7.46841654009303 6.84196032282355 5.92485312298621 5.72346972322713 6.85528833833343 6.80444822084851 5.13254927611723 7.11618653803737 6.99667301914103 7.0266237067212 7.23791504398506 6.29625142467781 7.59399010992479
"ZYX" 5.00976774204149 5.70771047352599 5.50607526655884 5.36967203874694 5.85011772744536 5.3248011670736 5.0255178533988 4.83686467787363 4.68647038126067 5.09295665155919 4.8795358413394 4.57329908244972 4.93798081425143 4.78068305980537 5.55565821600479 4.84131874602117 5.42894465891417 5.50791631933362
"FBXO7" 5.40389244072049 5.23551641171738 5.23819313191194 5.62544724307653 5.02332841928473 5.52788710849068 5.33284557623849 5.59879171143051 5.51421361783558 5.38001665213798 5.41655797049514 5.25080997293832 5.45642917787875 5.73042117918705 5.68540482405465 5.42993902707349 5.43040757534941 5.51984520265238
"ZNF738" 4.38213788816248 3.38063552551277 4.23130324705191 3.20736142861432 3.97617262013803 2.97042594983184 3.44767197951664 3.68656783214844 3.19275000442195 3.31100797710269 3.02202765535206 3.2745600009888 2.83642628295234 3.64710139068453 2.93260988191602 2.9621517316338 3.04654526188765 3.21507443887636
"CNOT6" 5.70663260357451 6.32643936347776 5.84964578852675 5.42035539048302 5.88037208005541 6.79461097953459 5.4939795362815 5.82846674199595 5.47262446845429 5.41318967620831 5.63815272144038 5.47392175751129 5.03634605592747 5.89379011593618 5.4354356239505 5.18230565402654 5.03985882823627 5.9238733919364
"TBC1D10B" 5.30889353937017 5.36022443881449 5.6790225357385 5.62006200337333 5.10681772373794 5.26257339600886 4.99544628987767 4.81677369163811 5.44774450749172 4.96051374297995 5.08982843386346 4.28558332869767 5.0990648682221 5.05567901337254 5.30952779249675 5.07501175875256 5.31343105164767 5.18448957025329
"ZNF778" 2.21579662683638 2.23285202343224 2.21445806865512 2.47060222046485 2.58736453544916 2.08353245720111 2.29194908694404 2.32166791083063 2.37659886676083 3.08715250488598 3.03211308619808 2.43203478679927 2.3873311245825 3.34228432243455 2.0337002802205 2.18189699145605 2.23443808390396 2.03836962497111
"HIF1A" 9.58023750705863 8.88171350345799 9.29780245112492 9.41673417343692 8.9841768554027 9.28323359278496 8.86452014096352 9.12579485089674 8.57853011095439 8.58753845955836 8.60485990410247 9.04426392255492 9.0694024506354 8.24148864024266 8.7007007376186 8.87755782317306 8.47378615742698 8.62111826838283
"HES5" 4.70557069042546 5.70406041728485 5.73527067393248 5.23874906302009 5.61230912532501 4.75583403016037 4.84464384108525 6.32133721472155 4.27799710578653 3.88581331525203 3.82452147792457 4.29443148593209 3.82751105042347 5.12186415840851 4.30672718618633 5.16800823735841 4.03336090910557 3.93441284426442
"ZNF606" 4.91900577272115 4.34715323864239 3.97320535754525 4.39862836681979 4.73277687979492 3.82894220412648 3.55473231177543 4.88001762958804 3.56407695065139 4.08931358857081 4.20226514254566 4.19130739556508 3.88260338525382 3.65765419423316 3.93704313294259 3.1246046857735 3.98504967906064 4.01668653743227
"ZZZ3" 5.57301707334302 5.95268841400781 5.36482630386315 5.62203897920814 5.5206758176515 5.73847261670081 5.04540777981628 5.32551261142027 5.20755627756694 5.7055028057589 5.02781155239239 5.5937485121599 5.26043089632624 5.19993389228633 5.43657391335174 5.06537238731092 4.82600884359365 5.33887998702569
"PLAG1" 2.43577686495165 3.4327747465496 2.67385208651629 2.63454901045831 2.71667468202826 2.57340117654118 2.20440780880881 3.07872778850384 3.36356095607807 2.10575036017646 2.79526848669676 2.84607537175014 2.60173839436969 2.79633984496424 2.77065891831356 2.61808665547313 2.3314730400754 2.50014056117245
"ZMIZ2" 5.1645396638105 5.05642422551 5.52288336242202 4.86859172404287 4.87611493485899 5.71075828355853 5.19342249891287 5.62793317235517 5.4350750135742 5.00843283998483 4.99182310119613 5.09374310455201 5.33054446742164 5.23843891141105 5.09133925660288 4.96917526236005 5.07824219884537 4.94600962804937
"GATA2" 3.00347271629436 2.77676835633712 3.56262218466993 3.28160491642938 2.51497930406621 2.99739914588236 3.42291219263546 3.96982070147479 3.20236304978535 2.81893868760941 3.49385568309357 2.99025920100399 3.38399412610125 4.07183671624452 3.0209089082316 3.40963288004461 3.39625000540028 3.18560937182752
"LMO3" 6.82822890201673 7.10601444884262 7.08817731142104 6.46900407808729 7.5837488458131 6.96792633500908 6.51315103890019 6.48062018651838 6.33061519898299 7.17779900602896 6.54268511166796 7.21034324761318 6.22881564755566 6.54437799230186 7.14967329999512 6.7613633243698 7.29151182410935 6.14860903574444
"TOPORS" 4.65989446910408 5.16372121509128 5.26218740177315 5.46842483263504 4.67480563977106 6.7518909975518 5.15801168939119 5.71006805366973 6.01556299198074 4.84782566858642 5.04878145255414 4.21931347059484 4.98141311310038 4.91610475809306 5.26813569669033 5.71540701304498 4.90834573196196 4.83820179691028
"PHF12" 3.31267440700658 4.26690696455929 5.12107901203447 3.87213362854122 3.60175797708107 3.76957571130757 3.70363519771242 3.88428933999551 3.5787526098397 4.16265667822377 3.25574938686272 3.65482751560609 3.12713770285038 3.23655453156707 3.34952407599494 3.94885640040404 3.93458471293532 3.570800015069
"THAP9" 2.49855160948508 2.59229764110964 2.77098800830979 2.82791919836196 3.58277182934362 2.33714238470498 2.12208043544134 2.2294933599122 2.69849312841412 2.12090251155697 2.32289213991365 2.58619994641039 1.85894339311681 2.37260972068656 2.16995187598665 2.59236429203539 2.80886286028947 2.17417635678478
"ZNF311" 2.96030698660292 2.43990171917698 2.08028752753145 2.77367270733592 2.58787135472894 2.30864473370769 1.87737962720387 2.48936990071113 3.60091313154068 2.20651969126415 2.28486679789395 1.97297134761158 1.98528805288988 2.92797471349141 2.11658225652022 2.4744005114553 2.49315872613146 2.24381373862639
"GTF2I" 4.56830787192922 3.66118530158014 3.03208155574289 3.18443316411502 3.97901656390352 3.81093628214976 3.42299392478545 3.36738925153194 3.98722238344033 3.78277974149658 3.34984808827939 3.90388285932374 3.34891442202717 3.66648240253277 3.59126050690189 3.52576783846062 3.00761170775693 4.00090047926513
"ZFYVE20" 5.36291910572124 4.73031128032926 5.67373414805428 4.81513978225416 4.49272559614531 5.20258132331565 5.26197444093382 5.1055075922271 4.78903963546468 5.01099005449834 5.12744820903175 4.96315020880998 4.75186612892147 4.56306434123523 4.92665261686015 4.92475580888894 5.6909275576679 4.81583919294261
"BCL6" 6.41488363303618 5.65215878766477 6.03545604759891 5.34171073479747 6.24967893076319 6.30575722706424 5.77623274448602 6.0585625060199 5.51050601354419 6.1435863815504 5.33837565631946 5.57282379229788 5.1081531173511 5.85949757188742 5.17462784032835 5.69025271705579 5.23833010106438 5.06326668207007
"ZNF607" 2.9961947035639 3.49486782267825 3.00538114887065 2.62191856975993 2.89555234023615 3.26933872732792 3.34554771241539 3.14671227140419 3.11646755959362 2.63204280540119 2.97413491867337 2.7447973984867 3.26669832884377 3.0253231967569 2.68214109991706 3.23211097027622 3.12458411790991 2.96826862147842
"BATF2" 3.01111952288798 3.11046672313118 2.44869622830914 2.9473801911216 2.39105505313753 2.28210500582705 3.72022761798734 2.37513347069858 3.58083772879266 2.44045799264325 3.10705558632168 2.84585553647997 2.69082652292896 3.21030272185851 2.51116340395614 3.20358775938017 2.45761489950515 2.99473520663653
"HCFC1" 4.3248163923899 4.76461238435087 4.28056648530191 5.36670240345817 4.2828004519654 4.06233440594682 4.14474396659219 4.78587625339707 4.82950022711893 5.10898529934654 4.49116535204821 4.268310550446 5.14078739413056 4.27440964205355 4.57859062406985 4.38064091275475 4.31074057395452 4.18214100164257
"THAP8" 5.44814184914426 4.54223885616572 4.44014129649932 4.72130653543042 4.89470949865443 4.24711814412026 5.09978078436906 4.76410746909038 5.26636414435952 4.79559002382982 4.80148108416363 5.24293760707916 4.59369271155673 4.42068553370194 4.79978981699131 4.34458477481876 4.58013478248003 4.79976788780613
"ZNF490" 3.25308152711675 2.82381898840322 3.32664354937058 3.29762361759018 2.70720484944364 2.7927339910876 2.79823809794642 3.10129917287801 2.60422657481874 3.30228503418521 3.34603006410626 2.94460078408782 2.79211057335903 3.03690838169499 3.41767059229116 2.5799042191555 2.84622290375908 2.94657366034306
"ZNF492" 2.50904518254762 2.10921276091752 2.26761363559866 2.04480713995906 1.9258290940234 2.48839917404909 1.86497152834048 1.99945577257069 1.6063055678469 2.59249494147367 2.38196261727886 2.06864536240442 2.39346113470126 2.49447516992729 2.57591043424996 1.90303116074311 2.08216286861232 2.34499234085647
"NCOA3" 5.04822311135852 4.21678208849017 5.23929049782137 4.60040262386063 4.78514848044695 5.13475672688844 5.19439495731455 4.96135552295989 3.9132893702692 4.1318670764011 4.71718943088383 4.63095062457736 4.71019287998257 3.85015596917231 4.30843139534646 4.54737647986475 5.0695613573975 6.10531853855927
"NACC2" 5.24096501337976 5.02248068509681 5.39916436024868 5.32214286032588 5.18416869652898 5.80441977125337 5.53722647122365 5.38496173370866 4.58131147306251 4.53573665016672 4.38333971652844 4.98627445608978 4.68169569112192 5.93591959362517 4.83938195377808 6.94873441886211 5.0278787610187 5.52859584037683
"ZNF324B" 3.29243295454879 3.94520011883257 3.62158032040681 3.0111674305244 3.47247585231608 3.05988159197787 2.88604403221353 3.88495494779949 2.96000961853257 2.98702662776942 2.73528030331001 3.34135981490072 3.68105906201896 3.33231549051542 3.07508364544863 3.61094800278769 3.01898819851993 3.8019568840418
"ZBTB1" 2.97558020546591 3.20573315818184 3.67038961117779 3.1556102597581 3.45813968057969 3.93141819960719 3.19777712814385 3.30109634571144 3.22879248892908 2.94940365224378 3.04520126799369 2.90094241962677 2.92858562399562 2.89588368244157 3.27639829176352 2.86792959483182 3.17371756155601 3.63205374803308
"TRIM3" 4.40920240999248 4.03685051310012 3.98251094061914 4.60094912301402 4.79141661355704 4.38812414087225 4.50324561667132 3.81555001609112 4.2475649169692 4.50654766264613 4.49012055865653 4.52480369637291 4.82612612553849 4.12407491278491 4.66923091269819 4.17828407878455 4.53200301931488 4.15827646426931
"YEATS2" 6.08560099176844 5.29569471884115 5.28081376455795 5.00814921759321 5.50093941932999 5.25684473907189 5.116203456772 4.89369356419314 5.32489436790664 4.88611273438614 4.9718253789819 4.93724822810257 5.12031962052875 4.84549189423539 5.75063923476322 4.89286116990993 5.02952223894517 5.57702073795031
"POU3F3" 5.16326927989074 4.53755748695262 5.02418042419752 4.72856556171352 4.90272353256169 4.66180169286458 4.82010544892526 4.76760696246029 4.44547565041273 5.04937895252566 4.9636117514965 4.26542003278354 5.06215587973861 4.41987992137692 4.19235857598947 4.20192729317022 4.10409197612731 4.7797482192014
"ING5" 4.54372576700846 4.48721772869275 4.18760169739821 4.59305327319341 5.01914856327806 4.2064285662833 4.33204409959237 4.11056248293611 4.21833930417148 3.85353032001365 4.00873096963826 4.29989680541206 4.15259905783375 3.8938073976033 4.32163601863731 4.79954517973936 3.79456200698844 4.29601202215831
"SETD2" 5.53244156785872 5.67802123664208 5.29358922842999 6.18418534513705 5.7623165869499 5.57949189144762 5.50058894389968 5.24285323131498 4.689124102526 5.32920182146949 4.91651061940324 5.39611956929364 4.69492019160683 4.99068570569212 4.75189667008722 5.78184587116089 4.70049906449986 5.33998041840828
"ZNF682" 3.4602937588309 4.18092317599899 3.67007929697399 3.65352959849383 3.7404329700165 3.400484820917 3.71102148832664 3.57024831651567 4.4281250953293 3.47505341889604 3.62369584527043 4.62792730442618 3.81177326188931 3.60375325928234 3.28436448356295 3.21286006848891 3.64846455418882 4.03826424043379
"TADA2B" 5.87101505725861 5.70498967686149 6.39121541100135 5.51452872895613 6.08673947334952 5.4155544047064 5.49794922291604 5.96787417986258 5.15050004350447 5.31317581341327 5.48258388881345 5.77323225346971 4.92420321660889 5.75207130472733 5.4604240876031 5.72395269865854 5.77754127627989 5.15574662616432
"TBX19" 2.8613458684555 2.6576592294311 2.98723212474264 2.56367857245284 2.66408703277238 2.889301785458 2.5072955804644 2.80457980635663 2.5368120655832 3.14012167976444 2.83411888366806 2.89602800624747 2.7524944296486 2.77257088164998 3.05606489235593 2.94204596303027 3.04638624933891 2.68275269721543
"THAP5" 3.28093462054372 3.82288027699166 3.98875220631662 4.16717958526086 3.68238103568532 3.92057636202733 3.21291489345725 3.76351211537225 4.15223653980959 3.48675578596322 3.83860503207764 3.35110218948079 4.15578608129332 3.49443281319289 3.82761252559189 3.34323622008179 3.77506834678927 3.90116086413459
"TRIM10" 2.27210553084209 2.19592025922464 2.34555712327672 2.78618471855787 2.65368384255664 2.54198990217653 2.52265429072188 3.04772371773775 3.1044982615108 2.52594802113216 3.50850023938343 2.94538630517196 2.44770258193984 2.70774864775367 2.25795883036285 2.23743042247732 2.54279378787569 2.37388581253463
"ZNF354A" 5.01700641592314 4.47783160282029 4.90619785358734 4.33804390320174 5.33168451407765 4.73186652112145 4.64104296775385 4.49164974827921 4.43603354787413 4.47817158761943 4.07269429604258 4.61337562889813 5.11849386493835 5.17263972336042 4.53417662914446 4.82965183983182 4.27479593142613 4.25082331281167
"PA2G4" 6.08863934501033 5.82436991859881 5.68390492584031 6.63253186478661 6.26027923592966 6.08527054065337 5.40905722181118 5.61181304193853 5.74511415155724 5.84117639866979 5.98396579916484 5.51173054599237 5.52333893481101 5.90422104569413 5.9177135684362 5.50582714969743 5.51275687276225 5.88077239922308
"LENG9" 3.0100978447246 3.10811445035146 3.09584304430781 2.69218280638949 3.50996197540893 3.33317380021787 3.02941804982848 3.3126543448411 3.61390561938145 2.93713130188814 2.91276134179533 2.82827531870018 3.5227378474866 3.14107253468588 3.07529279373645 3.28872248716672 2.97549421066312 3.19432649673232
"RCBTB1" 4.80214083731844 3.40485209825337 4.02695464670351 4.12747019478585 4.66083962238798 4.52367841902855 3.78617087714096 3.63459506221555 3.5093679527107 3.38193390940781 4.16587740417619 4.21626349197027 4.05849229115718 3.71765429418686 4.2773958000931 4.42931608314774 3.79888770193631 4.40889188107291
"PBX4" 3.21712556635602 4.25818380302024 3.69075572162413 3.41720923981779 5.06302183175353 3.71287991350211 2.90974204982072 3.33697525409398 2.77459685017907 2.93969965607977 3.08551956796232 3.31359679087382 2.77498954143849 3.1447855454623 2.86991808732676 2.90595564643355 3.2733937912336 2.6562274976271
"PAPOLG" 3.86817606722165 4.44453687071495 4.57493841715966 3.95013865645285 4.06131357801955 3.86543612037612 3.64451816036279 3.5642020868517 4.20509814572737 4.22388336442425 3.76107163889265 4.02409613355447 3.91055152544527 4.30465699836848 3.6539617488707 3.96540562355439 3.70993375760662 4.27642020158961
"TRIM23" 5.56526141164398 5.31468344755651 4.57525166683966 5.14103623113332 4.78068587143632 5.61323535877042 6.42758588727132 5.83480955970341 6.42341277644863 7.01070099106132 6.56402246710445 6.21614342680735 6.07760435368015 5.91465916302457 5.85234796699756 5.95001294301625 6.15349743474069 6.46891113919402
"ZNF559" 5.72295468240535 6.05545434695824 5.63754867094657 6.07570003104138 7.03711456318148 5.8145254896216 5.47750102598273 6.2826340581567 5.96628487022402 5.76716223975316 5.85373840239486 5.90772338026219 5.55316064293464 5.14768280629326 5.72224918088739 4.86959172986144 4.50208867279218 5.70861430971177
"ANAPC2" 5.09376258479666 5.71884428040621 5.85284979582132 4.76166934135612 4.92685329003432 5.45076040275966 6.19853854223794 5.21988228675529 4.79766102746536 5.32361207474209 5.76935365956054 5.1435639553012 5.07435094931113 5.16781311053077 5.27391193852691 5.1651344945684 4.84946889145397 4.89408633793603
"TIGD7" 3.75544592235849 3.6869660403396 4.18406215272846 3.782898539837 3.98184066025203 4.06777049518987 4.4561301565035 3.81756120923075 3.6981554738607 4.19972904213452 4.51835007633312 3.1279913185825 3.5913198094283 3.52864950065589 3.75877768000681 3.59943495747982 3.58505019207482 3.64349470377396
"SBNO2" 3.3199181676918 3.70346504908696 3.70549400627013 3.58505546521024 3.47365783764752 3.9414337112816 3.42170396382741 3.37697047714636 4.09526154268521 3.5277568352436 3.82309019603054 3.67722299426991 4.11750414393634 3.81829704847684 4.71641456448708 3.65709766476138 4.17401241245155 4.7098045726679
"ZNF528" 3.90874455567566 4.17514818114463 3.90819556807824 3.76131196935542 3.89767266536432 3.77938579819284 4.77830211722184 4.35815425246436 3.8306108176587 4.65313509594629 3.97550996861829 4.12338126415344 4.49372618845066 4.15194707916936 3.96452095968386 4.11454722210124 4.21026054718258 4.11382309397864
